----- Simulation starts ------
Client number: 10
Simulation length: 10000
Total score: 27.6391484824
[(0, 2865.0, 0.8680233993964864), (0, 8621.0, 0.6556324175862341)]
[(1, 6503.0, 0.7449101045967645), (1, 7129.0, 0.8598417526242892), (1, 7707.0, 0.8074678644059331), (1, 8318.0, 0.8802118328966021), (1, 9510.0, 0.8461309984831805), (1, 9810.0, 0.8699854751115654)]
[(2, 6805.0, 0.8738317221735379), (2, 7396.0, 0.8821985207084408), (2, 8017.0, 0.8178897485643638), (2, 8886.0, 0.7803284962393618)]
[(3, 1086.0, 0.8501481313465504)]
[(4, 206.0, 0.8995371632482287), (4, 1674.0, 0.808684318915617), (4, 1963.0, 0.891318292904408), (4, 2248.0, 0.862043434390194), (4, 3162.0, 0.8750051776761143), (4, 3475.0, 0.8948546921469915), (4, 3760.0, 0.8894083567387261), (4, 9173.0, 0.8555140104671145)]
[(5, 487.0, 0.8746663729831516), (5, 4376.0, 0.877674911847867), (5, 5273.0, 0.8147521886644922), (5, 6182.0, 0.6254127564966507)]
[(6, 785.0, 0.8965690002971978), (6, 1371.0, 0.7770305805166516), (6, 4112.0, 0.828079000435564), (6, 4662.0, 0.8322036973748204), (6, 4969.0, 0.856939246838499), (6, 5880.0, 0.876832486152166)]
[(7, 2555.0, 0.8638475558387777), (7, 5563.0, 0.8021747743172305)]
[]
[]
