----- Simulation starts ------
Client number: 10
Simulation length: 10000
Total score: 26.6909842197
[(0, 225.0, 0.8995172512504095), (0, 3572.0, 0.8577468230980663), (0, 8982.0, 0.8608684095927093), (0, 9269.0, 0.8873108759096403)]
[(1, 5139.0, 0.8927402684327694)]
[(2, 1136.0, 0.8547092234815695), (2, 2051.0, 0.7460720439193591), (2, 5725.0, 0.837037858584064)]
[(3, 4816.0, 0.8844034947391074), (3, 7537.0, 0.8773416608204957)]
[(4, 2309.0, 0.14222601514314037), (4, 2636.0, 0.8973254026281993), (4, 3266.0, 0.7048880398694971), (4, 3882.0, 0.7612507300257414), (4, 6314.0, 0.8985928865541732), (4, 7822.0, 0.8557000132495245), (4, 9633.0, 0.8514884600373153)]
[(5, 4526.0, 0.8550831066790552), (5, 5391.0, 0.6774194345623623), (5, 8677.0, 0.6220846617659412), (5, 9937.0, 0.8454852560205945)]
[(6, 8390.0, 0.879731939509969)]
[(7, 2941.0, 0.8897471901512699), (7, 4231.0, 0.8477979986941488)]
[(8, 533.0, 0.8803527196737122), (8, 840.0, 0.8868966182136099), (8, 1434.0, 0.8082735977743755), (8, 1729.0, 0.8566870552509412), (8, 7237.0, 0.6776695978923999), (8, 8116.0, 0.852189236099167)]
[(9, 6015.0, 0.7976341422568289), (9, 6614.0, 0.7234034598923358), (9, 6927.0, 0.8813087478892926)]
