----- Simulation starts ------
Client number: 10
Simulation length: 10000
Total score: 26.3964864067
[(0, 7739.0, 0.5236636731080779), (0, 8657.0, 0.7772646114182635), (0, 8979.0, 0.8736980523355287)]
[(1, 4113.0, 0.6825267555045231), (1, 7468.0, 0.7729015370986285)]
[(2, 2617.0, 0.8888113424682774), (2, 3501.0, 0.7385361004197835), (2, 3814.0, 0.8627675345128423)]
[(3, 217.0, 0.8999513033713139), (3, 4412.0, 0.8563123091883308), (3, 4697.0, 0.8595984455291977), (3, 5645.0, 0.843322837758139), (3, 6249.0, 0.8336559104113835), (3, 8046.0, 0.8727429435470871)]
[(4, 1750.0, 0.3466963312742042), (4, 2045.0, 0.8756018310161571), (4, 2877.0, 0.8980623713643986), (4, 3173.0, 0.8809229283959157)]
[(5, 1462.0, 0.6771553923209968), (5, 6866.0, 0.8779275932120304)]
[(6, 5018.0, 0.896591115936601), (6, 5942.0, 0.6626753908962433), (6, 6571.0, 0.8424389323045661), (6, 7156.0, 0.8209113196540306), (6, 8341.0, 0.8770721377311683), (6, 9828.0, 0.7269839157752731)]
[(7, 514.0, 0.8972415737511432), (7, 822.0, 0.8512059856880483), (7, 1135.0, 0.8666413722360509), (7, 2332.0, 0.7619515543368952), (7, 9508.0, 0.896417317373789)]
[]
[(9, 5334.0, 0.7880526152130369), (9, 9238.0, 0.6661833715946432)]
