----- Simulation starts ------
Client number: 10
Simulation length: 10000
Total score: 27.9661393204
[(0, 538.0, 0.8773760467755553), (0, 4386.0, 0.8775241396414231), (0, 5641.0, 0.8586003003807745), (0, 8637.0, 0.884705679601887)]
[(1, 2912.0, 0.847641692645232), (1, 3231.0, 0.8546029846059323), (1, 4070.0, 0.8813111523222433), (1, 7167.0, 0.7910710973362675), (1, 7737.0, 0.8741880565344413), (1, 8294.0, 0.8901504447970524)]
[]
[(3, 4692.0, 0.8401859002873735), (3, 5016.0, 0.8729301980121067)]
[(4, 1724.0, 0.5112195586395987), (4, 2341.0, 0.8456682361069527)]
[(5, 3799.0, 0.8711889533423474), (5, 7466.0, 0.8918176193242193), (5, 9825.0, 0.8707885976850103)]
[(6, 1116.0, 0.8677602694153377), (6, 1430.0, 0.8931238115851097), (6, 2639.0, 0.834381315265613), (6, 3494.0, 0.8588520934775741), (6, 5934.0, 0.8633023468169441), (6, 6525.0, 0.7605877893443194), (6, 6833.0, 0.8762508825851296), (6, 8026.0, 0.8464641372917044)]
[(7, 6229.0, 0.7086607909649638)]
[(8, 220.0, 0.8999373447132284), (8, 817.0, 0.8916594878559736), (8, 2030.0, 0.8688372060039273), (8, 9239.0, 0.8899403423768572)]
[(9, 5314.0, 0.8632814769757329), (9, 8936.0, 0.8830887981643019), (9, 9546.0, 0.8190405695351883)]
