----- Simulation starts ------
Client number: 10
Simulation length: 10000
Total score: 26.2686135298
[(0, 559.0, 0.846689866909547), (0, 1491.0, 0.7576477206375327), (0, 5479.0, 0.8461997181793063), (0, 6419.0, 0.6924313315340587), (0, 7395.0, 0.8867097004485317), (0, 8546.0, 0.8763950277578233), (0, 9133.0, 0.8900646610805925), (0, 9710.0, 0.8673534627348408)]
[]
[(2, 2077.0, 0.8214350695574939), (2, 9426.0, 0.889675168723701)]
[(3, 3032.0, 0.8518964831113385), (3, 4875.0, 0.8966894250495588)]
[(4, 5167.0, 0.8045368376002798), (4, 5803.0, 0.7421388479627136), (4, 6118.0, 0.8537393888216179)]
[(5, 7959.0, 0.8096354460488696)]
[(6, 224.0, 0.8999969728483073), (6, 1167.0, 0.782377666681914), (6, 1765.0, 0.8686929312939672), (6, 2364.0, 0.8871934933492853), (6, 3352.0, 0.8305301971302906), (6, 3667.0, 0.8857327928488443), (6, 4283.0, 0.8600417599705789), (6, 7072.0, 0.7716904525841697), (6, 7676.0, 0.8416123728487723), (6, 8229.0, 0.801786588725341), (6, 8835.0, 0.8213919893526318)]
[(7, 3976.0, 0.5893213576400254), (7, 4586.0, 0.7767160659477845)]
[(8, 870.0, 0.7699254093352224), (8, 2693.0, 0.8070709516081558)]
[(9, 6742.0, 0.7412943714995803)]
