----- Simulation starts ------
Client number: 10
Simulation length: 10000
Total score: 27.431836716
[(0, 549.0, 0.8779231632700797), (0, 5580.0, 0.8488587443341152), (0, 6790.0, 0.895167655684696), (0, 7396.0, 0.8881208043317633)]
[(1, 2661.0, 0.8174743787208983), (1, 5330.0, 0.8990764585639985), (1, 6465.0, 0.8882877338833095), (1, 9242.0, 0.8746894374635095), (1, 9577.0, 0.8488942060447243)]
[]
[(3, 239.0, 0.8999892664508207), (3, 3551.0, 0.8785319450317011), (3, 8327.0, 0.86083956347505), (3, 9875.0, 0.7797980533842519)]
[(4, 6171.0, 0.7965937061288446), (4, 8006.0, 0.723042349096323), (4, 8639.0, 0.7885475447854087)]
[(5, 1167.0, 0.880177744811896), (5, 2075.0, 0.623977086058136), (5, 2965.0, 0.8776129123194621), (5, 5863.0, 0.8786879519203712)]
[(6, 3248.0, 0.8903716943704942), (6, 3856.0, 0.8588116788446998), (6, 4152.0, 0.8556939191582562), (6, 4466.0, 0.895527142290563)]
[(7, 858.0, 0.8866525685474361), (7, 1466.0, 0.863943175502114), (7, 1778.0, 0.8561620714664784), (7, 4763.0, 0.8336353943932973), (7, 7711.0, 0.8753874106984845), (7, 8937.0, 0.8850306007963873)]
[(8, 2375.0, 0.8657555866773892), (8, 5043.0, 0.3475229768693794)]
[(9, 7098.0, 0.6910517906622522)]
