----- Simulation starts ------
Client number: 10
Simulation length: 10000
Total score: 25.6805090235
[(0, 581.0, 0.8760874626730845), (0, 1511.0, 0.7389547161492371), (0, 3094.0, 0.897527953383561), (0, 4893.0, 0.7938672892518899), (0, 5179.0, 0.8693819693356322), (0, 5791.0, 0.844143156415199), (0, 8450.0, 0.8752874091222784)]
[(1, 7284.0, 0.8698586261954684)]
[(2, 4318.0, 0.2481967137135559), (2, 6086.0, 0.6429779289888411), (2, 6390.0, 0.8499182525104388), (2, 6700.0, 0.8652103679575112), (2, 7889.0, 0.6544976598386134), (2, 8738.0, 0.805896986626607)]
[(3, 9350.0, 0.8037378246326962), (3, 9947.0, 0.8850712222106623)]
[(4, 2128.0, 0.284293757507057), (4, 8162.0, 0.47382563188942317)]
[(5, 1816.0, 0.49937883481715606), (5, 6999.0, 0.7708173944572959), (5, 7603.0, 0.8940100696178456)]
[(6, 240.0, 0.8998770826201113), (6, 856.0, 0.8870535163230464), (6, 1166.0, 0.8911314965474396), (6, 5482.0, 0.7775460937862294), (6, 9052.0, 0.8445700390495758)]
[(7, 2460.0, 0.8559110787155633), (7, 3394.0, 0.8437103799477568), (7, 3682.0, 0.8697420232235205), (7, 4608.0, 0.8684892355625566), (7, 9675.0, 0.885878291428614)]
[(8, 2770.0, 0.815140590662736), (8, 3977.0, 0.7985179683791641)]
[]
