----- Simulation starts ------
Client number: 10
Simulation length: 10000
Total score: 25.9433848443
[(0, 252.0, 0.899592159542979), (0, 1791.0, 0.8391339887975219)]
[(1, 3323.0, 0.48862475401618255), (1, 6569.0, 0.5894729532931214)]
[]
[(3, 6015.0, 0.8997014211555397)]
[(4, 1180.0, 0.7071690337033643), (4, 6283.0, 0.8937730739761565), (4, 7171.0, 0.8314203568184585), (4, 7746.0, 0.8269339083708169), (4, 8977.0, 0.8552899428268147), (4, 9871.0, 0.8059062757539077)]
[(5, 3027.0, 0.7650126921510368), (5, 4545.0, 0.7986304236214), (5, 8055.0, 0.8980587089780478)]
[(6, 5109.0, 0.8608984969952903), (6, 8379.0, 0.7713889045788805), (6, 9269.0, 0.8849548475117436)]
[(7, 1482.0, 0.8045081428868653), (7, 2084.0, 0.7641104457214527), (7, 2393.0, 0.8948777013862914), (7, 2711.0, 0.8449998788636686), (7, 4233.0, 0.8017418588312409), (7, 7477.0, 0.7923705928951568), (7, 8685.0, 0.5072741517504105)]
[(8, 564.0, 0.8685770898895817), (8, 878.0, 0.8947119194343718), (8, 9557.0, 0.6282468561217474)]
[(9, 3618.0, 0.31175737691388283), (9, 3884.0, 0.8706481188391888), (9, 4812.0, 0.8469614358995037), (9, 5411.0, 0.7494462429417772), (9, 5728.0, 0.8837402398448034), (9, 6883.0, 0.8634508499929384)]
