----- Simulation starts ------
Client number: 10
Simulation length: 10000
Total score: 25.551976019
[]
[(1, 2510.0, 0.880263419090229)]
[(2, 1291.0, 0.8065558705814206)]
[(3, 7347.0, 0.8670266865887933), (3, 8537.0, 0.5570109326684978)]
[(4, 652.0, 0.8491965613174723), (4, 4045.0, 0.6401030063501539), (4, 4953.0, 0.8973335376797741), (4, 5565.0, 0.8028211660603579), (4, 7637.0, 0.8140352291071891), (4, 7941.0, 0.879460973274679), (4, 8855.0, 0.8715496388216707), (4, 9442.0, 0.7075902600853824)]
[(5, 6176.0, 0.6420761299738392), (5, 6486.0, 0.8582188529025503), (5, 9751.0, 0.8626198289972099)]
[(6, 3124.0, 0.8639160948059901), (6, 3445.0, 0.8566074216277159), (6, 3736.0, 0.8632014875645712), (6, 5255.0, 0.8854854170741482), (6, 5894.0, 0.7992641670277763), (6, 9140.0, 0.8976492243884122)]
[(7, 357.0, 0.8996603215155033), (7, 2812.0, 0.6746417915730318), (7, 4644.0, 0.21977426538307376), (7, 8244.0, 0.7839139046379082)]
[(8, 947.0, 0.8893382833963275), (8, 1906.0, 0.8862078869818034), (8, 2217.0, 0.8828875193731414)]
[(9, 1615.0, 0.8336784322582464), (9, 4336.0, 0.7725112075721827), (9, 6754.0, 0.7144892571252257), (9, 7043.0, 0.892887243216508)]
