----- Simulation starts ------
Client number: 10
Simulation length: 10000
Total score: 27.431312836
[(0, 858.0, 0.88394145815686), (0, 1523.0, 0.8599821117551957), (0, 1845.0, 0.8412036349294869), (0, 2149.0, 0.8578656316862843), (0, 2727.0, 0.8733371781641763), (0, 5291.0, 0.8897840925139249), (0, 6525.0, 0.60093096864554)]
[(1, 4164.0, 0.8919224479583914), (1, 4420.0, 0.8875922270264296), (1, 4997.0, 0.8817652244096075), (1, 9810.0, 0.895381395778696)]
[]
[(3, 3633.0, 0.8568814246151218), (3, 4710.0, 0.8973419414568753), (3, 8004.0, 0.871587612683727), (3, 8586.0, 0.875780821805507)]
[(4, 3032.0, 0.5825564388691337), (4, 5869.0, 0.8161896754054878), (4, 6215.0, 0.869188690302316), (4, 6806.0, 0.8324522056060427), (4, 7112.0, 0.8932254088316512), (4, 7707.0, 0.8736445630757417), (4, 8313.0, 0.7036172965438996)]
[(5, 5579.0, 0.8823011685607717)]
[(6, 543.0, 0.8436495920846709), (6, 7402.0, 0.8726381831882599), (6, 8889.0, 0.3310263322478386)]
[(7, 9209.0, 0.8705024630589114)]
[(8, 2415.0, 0.8963608702095127)]
[(9, 223.0, 0.8996068257503436), (9, 1185.0, 0.8948224442305273), (9, 3326.0, 0.8835128878275487), (9, 3906.0, 0.8595884500761313), (9, 9510.0, 0.7611311685128694)]
