----- Simulation starts ------
Client number: 10
Simulation length: 10000
Total score: 20.5477079068
[(0, 2062.0, 1.0), (0, 4540.0, 1.0)]
[(1, 2385.0, 1.0), (1, 4848.0, 1.0), (1, 6628.0, 1.0), (1, 9625.0, 1.0)]
[(2, 1115.0, 1.0), (2, 2992.0, 1.0), (2, 6071.0, 1.0), (2, 8118.0, 1.0)]
[(3, 527.0, 1.0), (3, 3922.0, 1.0), (3, 5769.0, 1.0), (3, 7216.0, 1.0), (3, 8990.0, 1.0)]
[(4, 1744.0, 1.0)]
[(5, 2685.0, 0.16656238079857844), (5, 8425.0, 0.037117046634148165)]
[(6, 226.0, 0.8998587437718177), (6, 1436.0, 0.45838494312307787), (6, 4210.0, 0.15675576638854993), (6, 7499.0, 0.3083466291973205)]
[(7, 827.0, 0.7226882141919969), (7, 3631.0, 0.055007750918113496), (7, 5152.0, 0.2610311150464122), (7, 7779.0, 0.2421046075961667), (7, 9956.0, 0.1198158093158117)]
[(8, 3309.0, 0.17046005227900485), (8, 5435.0, 0.34677542665879624), (8, 6954.0, 0.35687220809991504), (8, 9341.0, 0.07504063190067112)]
[(9, 6372.0, 0.015673914468994132), (9, 8715.0, 0.15521266642039744)]
