----- Simulation starts ------
Client number: 10
Simulation length: 10000
Total score: 17.5783106234
[(0, 1767.0, 1.0), (0, 6015.0, 1.0), (0, 9646.0, 1.0)]
[(1, 1210.0, 1.0), (1, 4817.0, 1.0), (1, 6920.0, 1.0)]
[(2, 5737.0, 1.0), (2, 8157.0, 1.0)]
[(3, 1519.0, 1.0), (3, 3614.0, 1.0), (3, 7534.0, 1.0), (3, 9363.0, 1.0)]
[(4, 253.0, 1.0), (4, 3311.0, 1.0)]
[(5, 2060.0, 0.11905761351097244), (5, 3922.0, 0.0714612049215132), (5, 6633.0, 0.007356253491679121)]
[(6, 2398.0, 0.1628801910030504), (6, 4525.0, 0.32471640037892957), (6, 8450.0, 0.23880953692281037)]
[(7, 5120.0, 0.1761548486754696), (7, 7218.0, 0.13666109755541034), (7, 9092.0, 0.17407877563502827)]
[(8, 912.0, 0.5972335217594047), (8, 3004.0, 0.05406645338893301), (8, 5407.0, 0.09979647326368235), (8, 7839.0, 0.021641629358725822), (8, 9932.0, 0.02083527697170251)]
[(9, 567.0, 0.7600001086055517), (9, 2690.0, 0.02171834806081896), (9, 4234.0, 0.3251829631138312), (9, 6320.0, 0.1634291235012597), (9, 8777.0, 0.1032308032889655)]
