----- Simulation starts ------
Client number: 10
Simulation length: 10000
Total score: 20.6851853468
[(0, 5732.0, 1.0)]
[(1, 238.0, 1.0), (1, 3259.0, 1.0), (1, 6376.0, 1.0), (1, 8198.0, 1.0), (1, 9951.0, 1.0)]
[(2, 523.0, 1.0), (2, 2941.0, 1.0), (2, 5458.0, 1.0)]
[(3, 2335.0, 1.0), (3, 4212.0, 1.0), (3, 6062.0, 1.0), (3, 8463.0, 1.0)]
[(4, 1099.0, 1.0), (4, 7282.0, 1.0), (4, 8785.0, 1.0)]
[(5, 794.0, 0.7445568706562598), (5, 2625.0, 0.0869891633779255), (5, 4510.0, 0.2748140107680631), (5, 6665.0, 0.23587601477796127), (5, 9668.0, 0.09268169033443019)]
[(6, 1422.0, 0.45079857875945617), (6, 3582.0, 0.2594680149831051)]
[(7, 1722.0, 0.31537035624961085), (7, 4821.0, 0.28983249391882826), (7, 6969.0, 0.41894085809573056), (7, 9096.0, 0.20940755701232094)]
[(8, 2031.0, 0.16458623374487868), (8, 3899.0, 0.16854482767651002), (8, 7879.0, 0.22003980615545737)]
[(9, 5111.0, 0.2031573191508469), (9, 7574.0, 0.37117244624726164), (9, 9374.0, 0.17894910489384663)]
