----- Simulation starts ------
Client number: 10
Simulation length: 10000
Total score: 20.0817856834
[(0, 838.0, 1.0), (0, 2935.0, 1.0), (0, 4810.0, 1.0), (0, 6627.0, 1.0), (0, 8650.0, 1.0)]
[(1, 7199.0, 1.0)]
[(2, 2065.0, 1.0), (2, 3566.0, 1.0), (2, 7496.0, 1.0), (2, 9875.0, 1.0)]
[(3, 1778.0, 1.0), (3, 5365.0, 1.0)]
[(4, 1467.0, 1.0), (4, 3241.0, 1.0), (4, 6023.0, 1.0), (4, 8058.0, 1.0)]
[(5, 4494.0, 0.15000638272812195), (5, 9528.0, 0.14975447468689707)]
[(6, 2375.0, 0.02519153485953529), (6, 3855.0, 0.30491055487418206), (6, 5665.0, 0.2022052577888387), (6, 7783.0, 0.04777731913877914)]
[(7, 233.0, 0.8996931152371825), (7, 2631.0, 0.016434770377391494), (7, 4186.0, 0.22414597091201738), (7, 6319.0, 0.010946110787804164), (7, 8379.0, 0.08922580399970004)]
[(8, 547.0, 0.7769625828140545), (8, 5099.0, 0.011509098563955544), (8, 9225.0, 0.2519331741861761)]
[(9, 1147.0, 0.5179608057532417), (9, 6912.0, 0.15542411900659903), (9, 8958.0, 0.247704607667928)]
