----- Simulation starts ------
Client number: 10
Simulation length: 10000
Total score: 21.3927073507
[(0, 2587.0, 1.0), (0, 3844.0, 1.0), (0, 8968.0, 1.0)]
[(1, 803.0, 1.0), (1, 6897.0, 1.0)]
[(2, 533.0, 1.0), (2, 1708.0, 1.0), (2, 6593.0, 1.0)]
[(3, 232.0, 1.0), (3, 1992.0, 1.0), (3, 3563.0, 1.0), (3, 5378.0, 1.0), (3, 7780.0, 1.0)]
[(4, 2275.0, 1.0), (4, 4111.0, 1.0), (4, 7193.0, 1.0), (4, 9244.0, 1.0)]
[(5, 2900.0, 0.1722994423063412), (5, 6261.0, 0.3761960478247911), (5, 8651.0, 0.17473432542087763)]
[(6, 5681.0, 0.13074715583332452)]
[(7, 4753.0, 0.34141437876208824), (7, 7469.0, 0.07335678762931541), (7, 9830.0, 0.27326988040491873)]
[(8, 1091.0, 0.537958372286732), (8, 3232.0, 0.053182194469795), (8, 4422.0, 0.4054578180248223), (8, 5972.0, 0.3411972880675944), (8, 8378.0, 0.19964323322171185)]
[(9, 1389.0, 0.5110640879070576), (9, 5058.0, 0.29874659825450767), (9, 8094.0, 0.12945004743618804), (9, 9520.0, 0.37398969283394035)]
