----- Simulation starts ------
Client number: 10
Simulation length: 10000
Total score: 21.5620685311
[(0, 245.0, 1.0), (0, 2636.0, 1.0), (0, 5880.0, 1.0), (0, 7402.0, 1.0), (0, 9173.0, 1.0)]
[(1, 1432.0, 1.0), (1, 3519.0, 1.0), (1, 7094.0, 1.0), (1, 8858.0, 1.0)]
[(2, 2338.0, 1.0), (2, 6777.0, 1.0), (2, 9817.0, 1.0)]
[(3, 4657.0, 1.0), (3, 9492.0, 1.0)]
[(4, 1089.0, 1.0), (4, 4373.0, 1.0), (4, 6200.0, 1.0), (4, 7694.0, 1.0)]
[(5, 1743.0, 0.25429983440327186), (5, 3821.0, 0.053930853979041515)]
[(6, 529.0, 0.7653193166102421), (6, 2041.0, 0.3173426195923701), (6, 4077.0, 0.11837207783721237), (6, 6467.0, 0.15622459413624024), (6, 8571.0, 0.12069521261774119)]
[(7, 2931.0, 0.007154107187869574), (7, 4975.0, 0.2043639656569125)]
[(8, 5286.0, 0.21083682163429762), (8, 8283.0, 0.23268522655816382)]
[(9, 815.0, 0.6926592474320664), (9, 3251.0, 0.11819243506901622), (9, 5607.0, 0.09556525306684671), (9, 8006.0, 0.2144269652818298)]
