----- Simulation starts ------
Client number: 10
Simulation length: 10000
Total score: 20.6423256738
[(0, 839.0, 1.0), (0, 5568.0, 1.0), (0, 7909.0, 1.0), (0, 9796.0, 1.0)]
[(1, 1119.0, 1.0)]
[(2, 4355.0, 1.0), (2, 6423.0, 1.0)]
[(3, 2589.0, 1.0), (3, 4080.0, 1.0), (3, 6156.0, 1.0), (3, 8238.0, 1.0)]
[(4, 533.0, 1.0), (4, 2896.0, 1.0), (4, 4989.0, 1.0), (4, 6724.0, 1.0), (4, 8842.0, 1.0)]
[(5, 2318.0, 0.07858816304983451), (5, 3794.0, 0.3495246334874109)]
[(6, 2020.0, 0.2113861267793512), (6, 5872.0, 0.005071988714807962), (6, 8527.0, 0.0589101264574069)]
[(7, 1408.0, 0.514742654869565), (7, 4677.0, 0.3083954391613647), (7, 7027.0, 0.30275889047324467)]
[(8, 208.0, 0.8997681910923419), (8, 1711.0, 0.3638318877869594), (8, 3482.0, 0.2742158518883916), (8, 7335.0, 0.1836246734198621), (8, 9453.0, 0.34774120297699396)]
[(9, 3193.0, 0.006297946570261614), (9, 5298.0, 0.15796142299390858), (9, 7634.0, 0.16770190492292203), (9, 9164.0, 0.4118045691360166)]
