----- Simulation starts ------
Client number: 10
Simulation length: 10000
Total score: 22.1439883414
[(0, 516.0, 1.0), (0, 3881.0, 1.0), (0, 9475.0, 1.0)]
[(1, 834.0, 1.0), (1, 2967.0, 1.0), (1, 5350.0, 1.0), (1, 7158.0, 1.0), (1, 8827.0, 1.0)]
[(2, 2657.0, 1.0), (2, 4741.0, 1.0), (2, 6868.0, 1.0), (2, 9138.0, 1.0)]
[(3, 211.0, 1.0), (3, 1445.0, 1.0), (3, 3279.0, 1.0), (3, 7418.0, 1.0), (3, 9734.0, 1.0)]
[(4, 2365.0, 1.0), (4, 4166.0, 1.0), (4, 8244.0, 1.0)]
[(5, 5054.0, 0.0291394136675458)]
[(6, 5624.0, 0.1755303776328362), (6, 7946.0, 0.06682441179108989)]
[(7, 1765.0, 0.36019184149338346), (7, 3603.0, 0.09633242379321483), (7, 5930.0, 0.10876847930384748), (7, 7707.0, 0.1828206707292802)]
[(8, 1144.0, 0.5853221671445548), (8, 6213.0, 0.026338169172805403)]
[(9, 2054.0, 0.22231991247195104), (9, 4432.0, 0.2537871136393789), (9, 6548.0, 0.007723995529167471), (9, 8511.0, 0.028889365049699745)]
