----- Simulation starts ------
Client number: 10
Simulation length: 10000
Total score: 18.115056623
[(0, 1724.0, 1.0), (0, 4085.0, 1.0), (0, 5895.0, 1.0), (0, 7985.0, 1.0)]
[(1, 825.0, 1.0)]
[(2, 2004.0, 1.0)]
[(3, 224.0, 1.0), (3, 2639.0, 1.0), (3, 4711.0, 1.0), (3, 6493.0, 1.0)]
[(4, 1405.0, 1.0), (4, 3771.0, 1.0), (4, 5625.0, 1.0), (4, 7708.0, 1.0), (4, 9757.0, 1.0)]
[(5, 533.0, 0.7588528544664712), (5, 2326.0, 0.13120181390605445), (5, 4390.0, 0.019193331967179095), (5, 6791.0, 0.21452722758669918), (5, 8895.0, 0.07536585521663886)]
[(6, 1122.0, 0.5897457576942835), (6, 3187.0, 0.04807304993533379), (6, 5326.0, 0.10749972791401996), (6, 7430.0, 0.13075909330456992), (6, 9175.0, 0.2519649399056989)]
[(7, 2937.0, 0.030102161596069155), (7, 8597.0, 0.08667002752342245)]
[(8, 3493.0, 0.06087023055891838), (8, 6173.0, 0.12836045068805424), (8, 8317.0, 0.190314981429884)]
[(9, 5001.0, 0.035584602269363996), (9, 7102.0, 0.07422667304161634), (9, 9454.0, 0.18174384399591048)]
