----- Simulation starts ------
Client number: 10
Simulation length: 10000
Total score: 22.129708527
[(0, 5275.0, 1.0), (0, 7077.0, 1.0), (0, 9402.0, 1.0)]
[(1, 1765.0, 1.0), (1, 3795.0, 1.0), (1, 6755.0, 1.0), (1, 8780.0, 1.0)]
[(2, 1457.0, 1.0), (2, 5861.0, 1.0), (2, 7957.0, 1.0)]
[(3, 2323.0, 1.0), (3, 4369.0, 1.0), (3, 6158.0, 1.0), (3, 8217.0, 1.0)]
[(4, 913.0, 1.0), (4, 3215.0, 1.0), (4, 5581.0, 1.0), (4, 7373.0, 1.0), (4, 9999.0, 1.0)]
[(5, 609.0, 0.7547055619709315), (5, 4075.0, 0.11231244149461095), (5, 6453.0, 0.05623799152040465)]
[(6, 312.0, 0.8995484801607703), (6, 2620.0, 0.034499496527515494), (6, 4629.0, 0.1565496477404692), (6, 9084.0, 0.0010569516141571977)]
[(7, 2941.0, 0.05788732268029584), (7, 9686.0, 0.004681418899911027)]
[(8, 2034.0, 0.2019846092598232), (8, 4954.0, 0.015294520593947647), (8, 7639.0, 0.09980422235576536)]
[(9, 1205.0, 0.4840467117948116), (9, 3526.0, 0.15482936965362526), (9, 8505.0, 0.09626978077887405)]
