----- Simulation starts ------
Client number: 10
Simulation length: 10000
Total score: 33.0
[(0, 1699.0, 1.0), (0, 5884.0, 1.0), (0, 7619.0, 1.0)]
[(1, 1399.0, 1.0)]
[(2, 520.0, 1.0), (2, 4667.0, 1.0), (2, 7894.0, 1.0)]
[(3, 1101.0, 1.0), (3, 3462.0, 1.0), (3, 5559.0, 1.0), (3, 8199.0, 1.0)]
[(4, 2285.0, 1.0), (4, 4078.0, 1.0), (4, 9113.0, 1.0)]
[(5, 3173.0, 1.0), (5, 4992.0, 1.0), (5, 6793.0, 1.0)]
[(6, 1994.0, 1.0), (6, 6482.0, 1.0), (6, 8458.0, 1.0)]
[(7, 793.0, 1.0), (7, 3776.0, 1.0), (7, 6159.0, 1.0), (7, 8785.0, 1.0)]
[(8, 225.0, 1.0), (8, 2871.0, 1.0), (8, 5264.0, 1.0), (8, 7329.0, 1.0), (8, 9409.0, 1.0)]
[(9, 2597.0, 1.0), (9, 4365.0, 1.0), (9, 7068.0, 1.0), (9, 9717.0, 1.0)]
