----- Simulation starts ------
Client number: 10
Simulation length: 10000
Total score: 32.0
[(0, 1445.0, 1.0), (0, 3253.0, 1.0), (0, 5430.0, 1.0), (0, 7243.0, 1.0), (0, 9406.0, 1.0)]
[(1, 1742.0, 1.0), (1, 4182.0, 1.0), (1, 6612.0, 1.0), (1, 8502.0, 1.0)]
[(2, 2949.0, 1.0), (2, 5726.0, 1.0)]
[(3, 1098.0, 1.0)]
[(4, 4776.0, 1.0), (4, 6932.0, 1.0), (4, 8814.0, 1.0)]
[(5, 2012.0, 1.0), (5, 3892.0, 1.0), (5, 8189.0, 1.0)]
[(6, 209.0, 1.0), (6, 2351.0, 1.0), (6, 5106.0, 1.0), (6, 9711.0, 1.0)]
[(7, 2681.0, 1.0), (7, 4488.0, 1.0), (7, 6318.0, 1.0), (7, 9105.0, 1.0)]
[(8, 483.0, 1.0), (8, 7570.0, 1.0)]
[(9, 771.0, 1.0), (9, 3569.0, 1.0), (9, 6031.0, 1.0), (9, 7871.0, 1.0)]
