----- Simulation starts ------
Client number: 10
Simulation length: 10000
Total score: 33.0
[]
[(1, 2067.0, 1.0), (1, 5133.0, 1.0), (1, 7176.0, 1.0), (1, 9038.0, 1.0)]
[(2, 811.0, 1.0), (2, 3577.0, 1.0), (2, 6891.0, 1.0), (2, 9652.0, 1.0)]
[(3, 4183.0, 1.0), (3, 6620.0, 1.0)]
[(4, 1722.0, 1.0), (4, 3891.0, 1.0), (4, 6014.0, 1.0), (4, 8424.0, 1.0)]
[(5, 2374.0, 1.0), (5, 7785.0, 1.0), (5, 9940.0, 1.0)]
[(6, 514.0, 1.0), (6, 2684.0, 1.0), (6, 4518.0, 1.0), (6, 6353.0, 1.0), (6, 8758.0, 1.0)]
[(7, 212.0, 1.0), (7, 5680.0, 1.0), (7, 7481.0, 1.0), (7, 9328.0, 1.0)]
[(8, 1121.0, 1.0), (8, 2949.0, 1.0), (8, 4852.0, 1.0)]
[(9, 1415.0, 1.0), (9, 3271.0, 1.0), (9, 5417.0, 1.0), (9, 8109.0, 1.0)]
