----- Simulation starts ------
Client number: 10
Simulation length: 10000
Total score: 34.0
[(0, 1386.0, 1.0), (0, 4623.0, 1.0), (0, 6724.0, 1.0), (0, 8990.0, 1.0)]
[(1, 2596.0, 1.0), (1, 4936.0, 1.0)]
[(2, 1107.0, 1.0), (2, 7872.0, 1.0), (2, 9555.0, 1.0)]
[(3, 6430.0, 1.0), (3, 8439.0, 1.0)]
[(4, 203.0, 1.0), (4, 2283.0, 1.0), (4, 6993.0, 1.0), (4, 8734.0, 1.0)]
[(5, 1983.0, 1.0), (5, 4074.0, 1.0), (5, 6111.0, 1.0), (5, 9263.0, 1.0)]
[(6, 1693.0, 1.0), (6, 3809.0, 1.0), (6, 5793.0, 1.0)]
[(7, 502.0, 1.0), (7, 3485.0, 1.0), (7, 5522.0, 1.0), (7, 7603.0, 1.0), (7, 9849.0, 1.0)]
[(8, 3204.0, 1.0), (8, 5247.0, 1.0), (8, 7292.0, 1.0)]
[(9, 807.0, 1.0), (9, 2919.0, 1.0), (9, 4364.0, 1.0), (9, 8143.0, 1.0)]
