----- Simulation starts ------
Client number: 10
Simulation length: 10000
Total score: 33.0
[(0, 3540.0, 1.0), (0, 9249.0, 1.0)]
[(1, 207.0, 1.0), (1, 4144.0, 1.0), (1, 6170.0, 1.0)]
[(2, 1065.0, 1.0), (2, 5623.0, 1.0), (2, 7693.0, 1.0), (2, 9852.0, 1.0)]
[(3, 2323.0, 1.0), (3, 8293.0, 1.0)]
[(4, 1389.0, 1.0), (4, 8008.0, 1.0)]
[(5, 3221.0, 1.0), (5, 5324.0, 1.0), (5, 7062.0, 1.0)]
[(6, 2015.0, 1.0), (6, 4458.0, 1.0), (6, 6760.0, 1.0), (6, 9558.0, 1.0)]
[(7, 1714.0, 1.0), (7, 3854.0, 1.0), (7, 5912.0, 1.0)]
[(8, 490.0, 1.0), (8, 2633.0, 1.0), (8, 5045.0, 1.0), (8, 7382.0, 1.0), (8, 8915.0, 1.0)]
[(9, 790.0, 1.0), (9, 2938.0, 1.0), (9, 4730.0, 1.0), (9, 6455.0, 1.0), (9, 8595.0, 1.0)]
