----- Simulation starts ------
Client number: 10
Simulation length: 10000
Total score: 33.0
[(0, 8644.0, 1.0)]
[(1, 2687.0, 1.0), (1, 5365.0, 1.0), (1, 7137.0, 1.0), (1, 9243.0, 1.0)]
[(2, 4505.0, 1.0), (2, 6858.0, 1.0), (2, 8925.0, 1.0)]
[(3, 1519.0, 1.0), (3, 3647.0, 1.0), (3, 5639.0, 1.0), (3, 8314.0, 1.0)]
[(4, 637.0, 1.0), (4, 7747.0, 1.0)]
[(5, 1208.0, 1.0), (5, 3021.0, 1.0)]
[(6, 2397.0, 1.0), (6, 4757.0, 1.0), (6, 6572.0, 1.0)]
[(7, 331.0, 1.0), (7, 2122.0, 1.0), (7, 4225.0, 1.0), (7, 6270.0, 1.0)]
[(8, 1836.0, 1.0), (8, 3961.0, 1.0), (8, 5955.0, 1.0), (8, 8046.0, 1.0), (8, 9558.0, 1.0)]
[(9, 932.0, 1.0), (9, 3350.0, 1.0), (9, 5052.0, 1.0), (9, 7433.0, 1.0), (9, 9908.0, 1.0)]
