----- Simulation starts ------
Client number: 10
Simulation length: 10000
Total score: 33.0
[(0, 2093.0, 1.0), (0, 5061.0, 1.0), (0, 7167.0, 1.0), (0, 9239.0, 1.0)]
[(1, 1195.0, 1.0), (1, 3912.0, 1.0), (1, 5710.0, 1.0), (1, 8961.0, 1.0)]
[(2, 548.0, 1.0), (2, 2709.0, 1.0), (2, 4792.0, 1.0)]
[(3, 4480.0, 1.0), (3, 6880.0, 1.0)]
[(4, 870.0, 1.0), (4, 3010.0, 1.0)]
[(5, 1482.0, 1.0), (5, 3290.0, 1.0), (5, 5993.0, 1.0), (5, 8364.0, 1.0)]
[(6, 278.0, 1.0), (6, 2407.0, 1.0), (6, 7765.0, 1.0), (6, 9543.0, 1.0)]
[(7, 1819.0, 1.0), (7, 4199.0, 1.0), (7, 6290.0, 1.0), (7, 8053.0, 1.0), (7, 9815.0, 1.0)]
[(8, 3590.0, 1.0), (8, 6583.0, 1.0), (8, 8654.0, 1.0)]
[(9, 5397.0, 1.0), (9, 7452.0, 1.0)]
