----- Simulation starts ------
Client number: 10
Simulation length: 10000
Total score: 33.0
[(0, 541.0, 1.0), (0, 6478.0, 1.0), (0, 8831.0, 1.0)]
[(1, 1443.0, 1.0), (1, 4039.0, 1.0), (1, 6195.0, 1.0), (1, 8239.0, 1.0)]
[(2, 2570.0, 1.0), (2, 4615.0, 1.0), (2, 6787.0, 1.0)]
[(3, 2313.0, 1.0), (3, 4940.0, 1.0), (3, 7015.0, 1.0), (3, 9148.0, 1.0)]
[(4, 238.0, 1.0), (4, 1183.0, 1.0), (4, 3736.0, 1.0), (4, 5628.0, 1.0), (4, 7648.0, 1.0), (4, 9476.0, 1.0)]
[(5, 865.0, 1.0), (5, 2858.0, 1.0), (5, 4340.0, 1.0)]
[(6, 2017.0, 1.0), (6, 7335.0, 1.0)]
[(7, 5288.0, 1.0), (7, 9777.0, 1.0)]
[(8, 1727.0, 1.0), (8, 3472.0, 1.0), (8, 8540.0, 1.0)]
[(9, 3170.0, 1.0), (9, 5920.0, 1.0), (9, 7937.0, 1.0)]
