----- Simulation starts ------
Client number: 10
Simulation length: 10000
Total score: 33.0
[(0, 2899.0, 1.0), (0, 8698.0, 1.0)]
[(1, 4943.0, 1.0), (1, 6833.0, 1.0), (1, 8994.0, 1.0)]
[(2, 548.0, 1.0), (2, 4396.0, 1.0), (2, 8099.0, 1.0)]
[(3, 2598.0, 1.0), (3, 6506.0, 1.0), (3, 8395.0, 1.0)]
[(4, 2306.0, 1.0), (4, 7135.0, 1.0), (4, 9304.0, 1.0)]
[(5, 222.0, 1.0), (5, 2048.0, 1.0), (5, 4125.0, 1.0), (5, 6209.0, 1.0)]
[(6, 1142.0, 1.0), (6, 4659.0, 1.0), (6, 7405.0, 1.0), (6, 9586.0, 1.0)]
[(7, 1732.0, 1.0), (7, 3548.0, 1.0), (7, 5575.0, 1.0), (7, 9888.0, 1.0)]
[(8, 1430.0, 1.0), (8, 3257.0, 1.0), (8, 5268.0, 1.0), (8, 7747.0, 1.0)]
[(9, 860.0, 1.0), (9, 3826.0, 1.0), (9, 5903.0, 1.0)]
