----- Simulation starts ------
Client number: 10
Simulation length: 10000
Total score: 34.0
[(0, 819.0, 1.0), (0, 5865.0, 1.0), (0, 8796.0, 1.0)]
[(1, 1698.0, 1.0), (1, 8516.0, 1.0)]
[(2, 524.0, 1.0), (2, 2566.0, 1.0), (2, 4062.0, 1.0), (2, 6441.0, 1.0), (2, 8248.0, 1.0)]
[(3, 1991.0, 1.0), (3, 3474.0, 1.0), (3, 5580.0, 1.0)]
[(4, 2298.0, 1.0), (4, 4990.0, 1.0), (4, 7618.0, 1.0), (4, 9397.0, 1.0)]
[(5, 7329.0, 1.0), (5, 9982.0, 1.0)]
[(6, 3187.0, 1.0), (6, 5297.0, 1.0), (6, 7051.0, 1.0), (6, 9712.0, 1.0)]
[(7, 4390.0, 1.0), (7, 7934.0, 1.0)]
[(8, 1125.0, 1.0), (8, 2889.0, 1.0), (8, 4696.0, 1.0), (8, 6753.0, 1.0)]
[(9, 208.0, 1.0), (9, 1410.0, 1.0), (9, 3746.0, 1.0), (9, 6157.0, 1.0), (9, 9116.0, 1.0)]
