----- Simulation starts ------
Client number: 10
Simulation length: 10000
Total score: 2.77489023946
[(0, 3288.0, 0.004341532143179393), (0, 7766.0, 0.023897160899175672)]
[(1, 1742.0, 0.10687562827225311), (1, 3848.0, 0.01083326978771047), (1, 5925.0, 0.021359691402006945), (1, 8612.0, 0.001345267565559963)]
[(2, 2385.0, 0.05199357483183434), (2, 4464.0, 0.0018281950413636735), (2, 6837.0, 0.0005648983568638122), (2, 9217.0, 0.0003551652293729624)]
[(3, 2668.0, 0.008300848673155453), (3, 4758.0, 0.016464142039325086), (3, 6533.0, 0.022793642569391703), (3, 8337.0, 0.026832075106309895)]
[(4, 2054.0, 0.0335514561132254), (4, 4150.0, 0.0065688150296732304), (4, 6264.0, 0.016096599904659423), (4, 8928.0, 0.006745438039835227)]
[(5, 1152.0, 0.24119593268101766), (5, 5348.0, 0.002682503017163136), (5, 9504.0, 0.006220542776952251)]
[(6, 1421.0, 0.20895449099603797), (6, 3570.0, 0.008918378986004285), (6, 5628.0, 0.0015094679460642033), (6, 8052.0, 0.004260838195676011)]
[(7, 542.0, 0.5954249340429651), (7, 9784.0, 0.03658326294763207)]
[(8, 242.0, 0.8095544450172424), (8, 5061.0, 0.013593563243241033), (8, 7150.0, 0.0018129994040899542)]
[(9, 815.0, 0.42520338876601965), (9, 2965.0, 0.0003850312263319948), (9, 7448.0, 0.05784305921305278)]
