----- Simulation starts ------
Client number: 10
Simulation length: 10000
Total score: 3.78795970065
[(0, 2657.0, 0.00017426877607042238), (0, 4188.0, 0.06494094894474331), (0, 6907.0, 0.05859785492305484)]
[(1, 1778.0, 0.11855609551307082), (1, 3277.0, 0.16789683448146203), (1, 5386.0, 0.0023272220448773743)]
[(2, 5089.0, 0.016611378495450153), (2, 6605.0, 0.11207216957312245), (2, 9063.0, 0.011371088142533355)]
[(3, 2945.0, 0.0676047438150688), (3, 6291.0, 0.010872793555517552), (3, 8154.0, 0.02198738127412182)]
[(4, 7823.0, 0.028894082649115433), (4, 9943.0, 0.035444147346862)]
[(5, 2094.0, 0.04227339561278055), (5, 5961.0, 0.0015333472904763134), (5, 8775.0, 0.004914585321468356)]
[(6, 1169.0, 0.3523347448527735), (6, 4488.0, 0.013141116955098927), (6, 7232.0, 0.006626519665307541), (6, 9362.0, 0.005640792997232872)]
[(7, 578.0, 0.6381424304716643), (7, 2359.0, 0.017808692344410983), (7, 3889.0, 0.1017499735667401), (7, 8466.0, 0.0014178541508249373)]
[(8, 268.0, 0.8092908692988978), (8, 1495.0, 0.18759803943688785), (8, 3589.0, 0.19319482543788324), (8, 5669.0, 0.011742478713428187), (8, 7536.0, 0.09107219555775173), (8, 9639.0, 0.054594669390284734)]
[(9, 884.0, 0.534249507981088), (9, 4794.0, 0.0032826520743368145)]
