----- Simulation starts ------
Client number: 10
Simulation length: 10000
Total score: 2.99006693447
[(0, 299.0, 0.809789950203082), (0, 2110.0, 0.10831821888448345), (0, 6000.0, 0.005839082251478035), (0, 7890.0, 0.01304795724398226), (0, 9954.0, 0.00020320389978583498)]
[(1, 2706.0, 0.01462557007034296), (1, 4236.0, 0.058382723092354705), (1, 7270.0, 0.02208433894759264), (1, 9020.0, 0.019143102693906077)]
[(2, 3336.0, 9.888700809923164e-05), (2, 5718.0, 0.00010208051849180733), (2, 9649.0, 0.019184725091795713)]
[(3, 871.0, 0.4517610499769832), (3, 5422.0, 0.0005658434360250256), (3, 6944.0, 0.0739126447287415), (3, 9355.0, 0.009705089269258008)]
[(4, 4815.0, 0.02887260838380704)]
[(5, 1468.0, 0.17071194754687852), (5, 4537.0, 0.008399793667398521), (5, 6311.0, 0.03969684359123678)]
[(6, 583.0, 0.6498902416364116), (6, 2422.0, 0.05690859675330397), (6, 6625.0, 0.004516318861156889), (6, 8452.0, 0.024318561280846043)]
[(7, 3009.0, 2.4955525185937127e-06), (7, 5124.0, 0.0030710665697928365), (7, 8169.0, 0.0053953017068891366)]
[(8, 1197.0, 0.25924267001268314), (8, 3934.0, 0.007877729446845052), (8, 8723.0, 0.021733280170291937)]
[(9, 1774.0, 0.08721964703610016), (9, 3647.0, 0.009477261214791189), (9, 7557.0, 0.005968103720708842)]
