----- Simulation starts ------
Client number: 10
Simulation length: 10000
Total score: 4.26131464325
[(0, 4977.0, 0.0010469307489753316)]
[(1, 1149.0, 0.47073173905087157), (1, 4091.0, 0.06657697906319025)]
[(2, 2275.0, 0.027159928295602813), (2, 3476.0, 0.26084484005981373), (2, 7623.0, 0.031362635126769095)]
[(3, 255.0, 0.8094453193809653), (3, 1441.0, 0.29495953014477583), (3, 3170.0, 0.029322436242499937), (3, 6126.0, 0.008298305762537731), (3, 8523.0, 0.012219570210926806)]
[(4, 2577.0, 0.0007164452607010086), (4, 4675.0, 0.004452976939790032), (4, 6745.0, 0.06480630606131273)]
[(5, 854.0, 0.5462657341933446), (5, 5225.0, 0.06315007196205939), (5, 7333.0, 0.03615140197197594), (5, 9428.0, 0.00083229533287201)]
[(6, 1707.0, 0.18870767842775246), (6, 3778.0, 0.1695084295701553), (6, 5826.0, 0.0005282962499405648), (6, 8850.0, 0.0036564818022567403)]
[(7, 7960.0, 0.03867506177492759), (7, 9749.0, 0.024729956542035927)]
[(8, 553.0, 0.7809601998334674), (8, 2014.0, 0.0837514376958731), (8, 4370.0, 0.01853779549095986), (8, 6426.0, 0.05890123167151165), (8, 8221.0, 0.052462643256022956)]
[(9, 2877.0, 6.746271891090806e-05), (9, 5534.0, 0.013328298863961157), (9, 7054.0, 0.09582097636679426), (9, 9155.0, 0.0033352471787484023)]
