----- Simulation starts ------
Client number: 10
Simulation length: 10000
Total score: 3.08374149068
[(0, 553.0, 0.6216502359103224), (0, 3160.0, 0.0009629252382440765), (0, 7741.0, 0.0022384657620966326)]
[(1, 236.0, 0.8093428364513361), (1, 4727.0, 0.000497787329275894), (1, 7107.0, 0.01044242892545868), (1, 9239.0, 0.0008373040005275813)]
[(2, 1711.0, 0.0825154665158498), (2, 3823.0, 0.03902211683597507), (2, 5644.0, 0.09014998652581203), (2, 7415.0, 0.022164318036138046), (2, 9576.0, 0.007226608359890633)]
[(3, 2883.0, 5.0500469650447094e-05), (3, 8349.0, 0.02625125237905255)]
[(4, 2299.0, 0.006921029802769449), (4, 4441.0, 0.012536564617263933), (4, 6226.0, 0.03361066198332833)]
[(5, 868.0, 0.43174800961563603), (5, 5938.0, 0.052898252032098365)]
[(6, 1151.0, 0.2903063832204145), (6, 5035.0, 0.028644601111735318), (6, 6815.0, 0.016078653487548524), (6, 8648.0, 0.02051068035907818)]
[(7, 2596.0, 0.022137928599150786), (7, 4129.0, 0.060327234782325), (7, 6546.0, 0.045789168881105735), (7, 8072.0, 0.08567335460279879)]
[(8, 1992.0, 0.037091667072017456), (8, 8961.0, 0.011713048315047535)]
[(9, 1428.0, 0.17217094117240606), (9, 3501.0, 0.02714286746795467), (9, 5351.0, 0.006425174131173445), (9, 9867.0, 0.008663036684105098)]
