----- Simulation starts ------
Client number: 10
Simulation length: 10000
Total score: 2.7890941132
[(0, 5652.0, 0.012750774600547778), (0, 7749.0, 0.06917499338540019)]
[(1, 246.0, 0.8092636521408318), (1, 9816.0, 0.005713947335273494)]
[(2, 1165.0, 0.23094516520445646), (2, 3275.0, 0.00011973841473559747), (2, 8948.0, 0.022184418530785725)]
[(3, 2089.0, 0.014932212671391372), (3, 3862.0, 0.03923699309700807), (3, 5940.0, 0.04662422517005261), (3, 8348.0, 0.031026546321515427)]
[(4, 577.0, 0.5508251030294509), (4, 2641.0, 0.009087232165478448), (4, 4793.0, 0.0019556027925055172), (4, 9249.0, 0.0016595873466156437)]
[(5, 1780.0, 0.06497411081058174), (5, 3581.0, 0.11223353008296796), (5, 6553.0, 0.05276650513096465), (5, 8644.0, 0.06991751285892286)]
[(6, 1464.0, 0.1266090231436314), (6, 4178.0, 0.030274925336535922), (6, 6227.0, 0.022966053266819008), (6, 8068.0, 0.014832198956858068)]
[(7, 4474.0, 0.015457093781519694), (7, 6874.0, 0.010907825492940455)]
[(8, 2373.0, 0.0009604595768922677), (8, 5098.0, 8.306596891014456e-05), (8, 7179.0, 0.021403384982438114), (8, 9548.0, 0.007718374350437823)]
[(9, 890.0, 0.37867877590979704), (9, 2972.0, 0.003838785134457942), (9, 5365.0, 0.009889449017988619), (9, 7476.0, 8.284719267652637e-05)]
