----- Simulation starts ------
Client number: 10
Simulation length: 10000
Total score: 2.8945110376
[(0, 4475.0, 0.001795995928877269), (0, 6613.0, 0.018950591136478435), (0, 8723.0, 0.025056369102845828)]
[(1, 532.0, 0.6399111424397613), (1, 2919.0, 0.05643592605786948)]
[(2, 863.0, 0.44171025273486647), (2, 5675.0, 0.0013533759234403621), (2, 9654.0, 0.0018485264720038788)]
[(3, 214.0, 0.8094356096215349), (3, 2317.0, 0.022027659744815267), (3, 5087.0, 4.624656212866516e-06), (3, 7194.0, 0.00011405198136414898)]
[(4, 1457.0, 0.14172782240920112), (4, 3524.0, 0.0006433419404448446), (4, 7831.0, 0.0450422110319978)]
[(5, 1174.0, 0.2635484331012832), (5, 3207.0, 0.019490137968219055), (5, 5381.0, 0.012512136948284895), (5, 7528.0, 0.07864736523262364)]
[(6, 2606.0, 0.00026853512151877673), (6, 4787.0, 0.011759334945008493), (6, 6323.0, 0.07415974157182718), (6, 8137.0, 0.025115415116195677), (6, 9987.0, 0.04501853318195988)]
[(7, 9331.0, 0.024471048750271698)]
[(8, 1732.0, 0.07147495585149552), (8, 3845.0, 0.00159546458291908), (8, 5987.0, 0.03693387210168697), (8, 8424.0, 0.0020080780046224087)]
[(9, 2010.0, 0.016666872316085452), (9, 4168.0, 0.0026851849147548827), (9, 6903.0, 0.00013952043722209576), (9, 9002.0, 0.0019589062681332767)]
