----- Simulation starts ------
Client number: 10
Simulation length: 10000
Total score: 2.94252280785
[(0, 2563.0, 0.012837716524077293), (0, 4446.0, 0.008531986575317181), (0, 6249.0, 0.02939849003719979)]
[(1, 7857.0, 0.0011315746996099054)]
[(2, 1385.0, 0.22177252244978465), (2, 4750.0, 0.005798955869579644), (2, 6921.0, 0.00013255119779539664), (2, 9060.0, 0.012655970412713444)]
[(3, 2006.0, 0.04066872004849344), (3, 8164.0, 0.0008521176138190581)]
[(4, 208.0, 0.8096268668956813), (4, 2301.0, 0.03026164069463423), (4, 4130.0, 0.01936753996319467), (4, 6589.0, 0.003738835519225644), (4, 8447.0, 0.017343766828443578)]
[(5, 3182.0, 0.09537478469496416), (5, 7229.0, 0.023801228491012936), (5, 9341.0, 0.01584625818404334)]
[(6, 1071.0, 0.30125971856580863), (6, 3495.0, 0.025109880285712146), (6, 5341.0, 0.0171696857138435), (6, 7533.0, 7.147591396916325e-05), (6, 9666.0, 0.0030257918723436295)]
[(7, 472.0, 0.6011232186280678), (7, 5048.0, 0.0033191051013526946), (7, 9968.0, 0.03845701899597084)]
[(8, 781.0, 0.45447923563632575), (8, 2870.0, 0.024480733457099838), (8, 5670.0, 0.00032848460222357774), (8, 8784.0, 0.005478866244706669)]
[(9, 1690.0, 0.10978202910725145), (9, 3818.0, 0.007100821572941047), (9, 5947.0, 0.002195215451127258)]
