----- Simulation starts ------
Client number: 10
Simulation length: 10000
Total score: 2.83556659791
[(0, 2938.0, 0.002177368432561891), (0, 4751.0, 0.12762038886946334), (0, 6849.0, 0.004994625144679478)]
[(1, 565.0, 0.5684980065896211), (1, 5030.0, 0.051516664424604675), (1, 7180.0, 0.01344575133453486), (1, 9074.0, 0.0029894964095299975)]
[(2, 2085.0, 0.08058578196453571), (2, 6259.0, 0.0066341528685449165), (2, 8138.0, 0.009382317516982298)]
[(3, 1174.0, 0.2577182943595203), (3, 4152.0, 0.04060628524972107), (3, 5963.0, 0.02652778776754605), (3, 8452.0, 0.0009513893992161416)]
[(4, 1802.0, 0.08986342907148016), (4, 3841.0, 0.0007357049599694271), (4, 9350.0, 0.007889173228435858)]
[(5, 2356.0, 0.02421326331587147), (5, 5326.0, 0.008772430978435889), (5, 7824.0, 0.01635296427567629), (5, 9936.0, 0.01252623014936467)]
[(6, 876.0, 0.41508687548055534), (6, 3246.0, 0.011423602462192725)]
[(7, 1501.0, 0.13095831359672264), (7, 8781.0, 0.0009251138914018673)]
[(8, 253.0, 0.8098024048164074), (8, 2630.0, 0.003497761632911533), (8, 4432.0, 0.0736087952731305), (8, 6555.0, 0.004880381855778513)]
[(9, 3522.0, 0.002094702245057584), (9, 5633.0, 0.0037134485369364574), (9, 7481.0, 0.020052853919618977), (9, 9626.0, 0.005520837893015405)]
