----- Simulation starts ------
Client number: 10
Simulation length: 10000
Total score: 3.14528674907
[(0, 846.0, 0.3955691588862209), (0, 5434.0, 0.004849681325315583), (0, 7902.0, 0.00024531005334128505)]
[(1, 517.0, 0.6116220355233308), (1, 2996.0, 0.002643682798721584), (1, 4783.0, 0.014022768919862741), (1, 6628.0, 0.0981665309398313), (1, 9062.0, 0.018084935491767647)]
[(2, 2111.0, 0.023512504882203154), (2, 4489.0, 0.01794738809614721), (2, 6301.0, 0.01734244634842392), (2, 8489.0, 0.02236141917323213)]
[(3, 1139.0, 0.2460328704328868), (3, 3280.0, 0.00011208331951304833), (3, 5116.0, 0.04585487696220908)]
[(4, 252.0, 0.8096233734754336), (4, 2369.0, 0.0021158687850206985), (4, 4180.0, 0.07808066731904148), (4, 6037.0, 0.006191660033895676)]
[(5, 1796.0, 0.08838749795951248), (5, 3893.0, 0.1253115354119928), (5, 5749.0, 0.022471986416469268), (5, 7596.0, 0.013498926620453159), (5, 9684.0, 0.007165140690505717)]
[(6, 1467.0, 0.19094671280279238), (6, 3593.0, 0.05919249279968933), (6, 6964.0, 0.11619838276931302)]
[(7, 2678.0, 0.0023343994044568413), (7, 7294.0, 0.04540954766617663), (7, 9400.0, 0.006431355696900576)]
[(8, 8198.0, 0.04203045528605892)]
[(9, 8789.0, 0.011529052780012148)]
