----- Simulation starts ------
Client number: 10
Simulation length: 10000
Total score: 32.5911206005
[(0, 3223.0, 1.0), (0, 3806.0, 1.0), (0, 4446.0, 1.0), (0, 5319.0, 1.0), (0, 5955.0, 1.0), (0, 6548.0, 1.0), (0, 8059.0, 1.0), (0, 8933.0, 1.0), (0, 9851.0, 1.0)]
[(1, 216.0, 1.0), (1, 545.0, 1.0), (1, 1426.0, 1.0), (1, 2291.0, 1.0), (1, 2924.0, 1.0), (1, 4105.0, 1.0), (1, 4735.0, 1.0), (1, 5632.0, 1.0), (1, 6861.0, 1.0), (1, 7447.0, 1.0), (1, 9209.0, 1.0)]
[(2, 851.0, 1.0), (2, 1718.0, 1.0), (2, 2002.0, 1.0), (2, 5049.0, 1.0), (2, 6244.0, 1.0), (2, 7162.0, 1.0), (2, 8349.0, 1.0), (2, 9549.0, 1.0)]
[(3, 1131.0, 1.0), (3, 2620.0, 1.0), (3, 7737.0, 1.0), (3, 8653.0, 1.0)]
[]
[(5, 3489.0, 0.5911206005153327)]
[]
[]
[]
[]
