----- Simulation starts ------
Client number: 10
Simulation length: 10000
Total score: 33.0
[(0, 234.0, 1.0), (0, 840.0, 1.0), (0, 1750.0, 1.0), (0, 2062.0, 1.0), (0, 2669.0, 1.0), (0, 3233.0, 1.0), (0, 3810.0, 1.0), (0, 5041.0, 1.0), (0, 6836.0, 1.0), (0, 7694.0, 1.0), (0, 8302.0, 1.0), (0, 8928.0, 1.0), (0, 9523.0, 1.0)]
[(1, 523.0, 1.0), (1, 2358.0, 1.0), (1, 2961.0, 1.0), (1, 3547.0, 1.0), (1, 5950.0, 1.0), (1, 6530.0, 1.0), (1, 7420.0, 1.0), (1, 8017.0, 1.0), (1, 9246.0, 1.0)]
[(2, 1119.0, 1.0), (2, 4117.0, 1.0), (2, 5353.0, 1.0), (2, 6232.0, 1.0), (2, 7117.0, 1.0), (2, 8602.0, 1.0), (2, 9847.0, 1.0)]
[(3, 1421.0, 1.0), (3, 4735.0, 1.0), (3, 5648.0, 1.0)]
[(4, 4407.0, 1.0)]
[]
[]
[]
[]
[]
