----- Simulation starts ------
Client number: 10
Simulation length: 10000
Total score: 33.0
[(0, 355.0, 1.0), (0, 679.0, 1.0), (0, 1332.0, 1.0), (0, 1619.0, 1.0), (0, 2238.0, 1.0), (0, 4570.0, 1.0), (0, 5783.0, 1.0), (0, 6931.0, 1.0), (0, 9022.0, 1.0), (0, 9692.0, 1.0)]
[(1, 1923.0, 1.0), (1, 2521.0, 1.0), (1, 2837.0, 1.0), (1, 3121.0, 1.0), (1, 3984.0, 1.0), (1, 4306.0, 1.0), (1, 4887.0, 1.0), (1, 6343.0, 1.0), (1, 7222.0, 1.0), (1, 8144.0, 1.0), (1, 9337.0, 1.0)]
[(2, 1010.0, 1.0), (2, 3403.0, 1.0), (2, 5206.0, 1.0), (2, 6068.0, 1.0), (2, 6662.0, 1.0), (2, 7540.0, 1.0), (2, 8415.0, 1.0), (2, 9978.0, 1.0)]
[(3, 3691.0, 1.0), (3, 5493.0, 1.0), (3, 7853.0, 1.0)]
[(4, 8703.0, 1.0)]
[]
[]
[]
[]
[]
