----- Simulation starts ------
Client number: 10
Simulation length: 10000
Total score: 32.5747366106
[(0, 586.0, 1.0), (0, 1156.0, 1.0), (0, 1743.0, 1.0), (0, 2335.0, 1.0), (0, 2929.0, 1.0), (0, 3810.0, 1.0), (0, 4763.0, 1.0), (0, 5316.0, 1.0), (0, 5590.0, 1.0), (0, 7113.0, 1.0), (0, 7737.0, 1.0), (0, 8078.0, 1.0), (0, 8994.0, 1.0), (0, 9609.0, 1.0)]
[(1, 4133.0, 1.0), (1, 5033.0, 1.0), (1, 5873.0, 1.0), (1, 6206.0, 1.0), (1, 7420.0, 1.0), (1, 8371.0, 1.0), (1, 9293.0, 1.0), (1, 9906.0, 1.0)]
[(2, 890.0, 1.0), (2, 3220.0, 1.0), (2, 4435.0, 1.0), (2, 8691.0, 1.0)]
[(3, 252.0, 1.0), (3, 1449.0, 1.0), (3, 2640.0, 1.0), (3, 3514.0, 1.0), (3, 6801.0, 1.0)]
[(4, 2034.0, 1.0)]
[(5, 6496.0, 0.5747366105702385)]
[]
[]
[]
[]
