----- Simulation starts ------
Client number: 10
Simulation length: 10000
Total score: 32.6140071803
[(0, 855.0, 1.0), (0, 1448.0, 1.0), (0, 2660.0, 1.0), (0, 2945.0, 1.0), (0, 3592.0, 1.0), (0, 3911.0, 1.0), (0, 4239.0, 1.0), (0, 4530.0, 1.0), (0, 5071.0, 1.0), (0, 6275.0, 1.0), (0, 7235.0, 1.0), (0, 7865.0, 1.0), (0, 8704.0, 1.0), (0, 9621.0, 1.0)]
[(1, 555.0, 1.0), (1, 1736.0, 1.0), (1, 2080.0, 1.0), (1, 2382.0, 1.0), (1, 3282.0, 1.0), (1, 4792.0, 1.0), (1, 5388.0, 1.0), (1, 6610.0, 1.0), (1, 7562.0, 1.0), (1, 8402.0, 1.0), (1, 9001.0, 1.0)]
[(2, 235.0, 1.0), (2, 1163.0, 1.0), (2, 6920.0, 1.0), (2, 8131.0, 1.0), (2, 9329.0, 1.0), (2, 9923.0, 1.0)]
[]
[(4, 5718.0, 1.0)]
[]
[]
[]
[(8, 6015.0, 0.614007180339349)]
[]
