----- Simulation starts ------
Client number: 10
Simulation length: 10000
Total score: 32.248859368
[(0, 488.0, 1.0), (0, 2087.0, 1.0), (0, 2624.0, 1.0), (0, 2920.0, 1.0), (0, 3511.0, 1.0), (0, 4640.0, 1.0), (0, 6146.0, 1.0), (0, 7581.0, 1.0), (0, 8551.0, 1.0)]
[(1, 2355.0, 1.0), (1, 3789.0, 1.0), (1, 4376.0, 1.0), (1, 5276.0, 1.0), (1, 6434.0, 1.0), (1, 7291.0, 1.0), (1, 7907.0, 1.0), (1, 8244.0, 1.0), (1, 9442.0, 1.0)]
[(2, 808.0, 1.0), (2, 1460.0, 1.0), (2, 3231.0, 1.0), (2, 4079.0, 1.0), (2, 5568.0, 1.0), (2, 6704.0, 1.0), (2, 8817.0, 1.0), (2, 9132.0, 1.0)]
[(3, 212.0, 1.0), (3, 1130.0, 1.0), (3, 4974.0, 1.0), (3, 5848.0, 1.0), (3, 7010.0, 1.0)]
[(4, 1762.0, 1.0)]
[]
[]
[]
[]
[(9, 9753.0, 0.24885936799904174)]
