----- Simulation starts ------
Client number: 10
Simulation length: 10000
Total score: 33.0
[(0, 825.0, 1.0), (0, 1719.0, 1.0), (0, 2336.0, 1.0), (0, 3626.0, 1.0), (0, 4540.0, 1.0), (0, 5698.0, 1.0), (0, 6292.0, 1.0), (0, 7483.0, 1.0), (0, 8399.0, 1.0), (0, 9307.0, 1.0)]
[(1, 533.0, 1.0), (1, 2654.0, 1.0), (1, 3303.0, 1.0), (1, 6011.0, 1.0), (1, 6878.0, 1.0), (1, 7815.0, 1.0), (1, 8112.0, 1.0), (1, 8704.0, 1.0)]
[(2, 1096.0, 1.0), (2, 1431.0, 1.0), (2, 2984.0, 1.0), (2, 4809.0, 1.0), (2, 5084.0, 1.0), (2, 6591.0, 1.0), (2, 7178.0, 1.0), (2, 9032.0, 1.0), (2, 9590.0, 1.0), (2, 9869.0, 1.0)]
[(3, 2035.0, 1.0), (3, 3931.0, 1.0), (3, 4252.0, 1.0), (3, 5393.0, 1.0)]
[(4, 246.0, 1.0)]
[]
[]
[]
[]
[]
