----- Simulation starts ------
Client number: 10
Simulation length: 10000
Total score: 33.6896708974
[(0, 830.0, 1.0), (0, 1718.0, 1.0), (0, 2654.0, 1.0), (0, 3762.0, 1.0), (0, 4046.0, 1.0), (0, 5231.0, 1.0), (0, 6423.0, 1.0), (0, 6714.0, 1.0), (0, 7934.0, 1.0), (0, 8797.0, 1.0), (0, 9391.0, 1.0)]
[(1, 1132.0, 1.0), (1, 2054.0, 1.0), (1, 4362.0, 1.0), (1, 4939.0, 1.0), (1, 5524.0, 1.0), (1, 7035.0, 1.0), (1, 7641.0, 1.0), (1, 8216.0, 1.0), (1, 9096.0, 1.0), (1, 9707.0, 1.0)]
[(2, 1434.0, 1.0), (2, 2354.0, 1.0), (2, 2924.0, 1.0), (2, 4664.0, 1.0), (2, 5834.0, 1.0), (2, 7327.0, 1.0), (2, 8505.0, 1.0), (2, 9976.0, 1.0)]
[(3, 3199.0, 1.0), (3, 6140.0, 1.0)]
[(4, 531.0, 1.0)]
[(5, 256.0, 0.8997258909220004)]
[]
[]
[(8, 3494.0, 0.7899450064363754)]
[]
