----- Simulation starts ------
Client number: 10
Simulation length: 10000
Total score: 32.4317142888
[(0, 259.0, 1.0), (0, 1139.0, 1.0), (0, 2071.0, 1.0), (0, 3622.0, 1.0), (0, 4185.0, 1.0), (0, 5071.0, 1.0), (0, 7448.0, 1.0), (0, 8925.0, 1.0), (0, 9248.0, 1.0), (0, 9520.0, 1.0)]
[(1, 553.0, 1.0), (1, 850.0, 1.0), (1, 1434.0, 1.0), (1, 2376.0, 1.0), (1, 2683.0, 1.0), (1, 3289.0, 1.0), (1, 3875.0, 1.0), (1, 4489.0, 1.0), (1, 5655.0, 1.0), (1, 5971.0, 1.0), (1, 6261.0, 1.0), (1, 8072.0, 1.0), (1, 8651.0, 1.0), (1, 9803.0, 1.0)]
[(2, 1759.0, 1.0), (2, 2985.0, 1.0), (2, 4779.0, 1.0), (2, 5360.0, 1.0), (2, 7188.0, 1.0), (2, 8369.0, 1.0)]
[(3, 6590.0, 1.0), (3, 7764.0, 1.0)]
[]
[]
[]
[(7, 6889.0, 0.4317142888438493)]
[]
[]
