----- Simulation starts ------
Client number: 10
Simulation length: 10000
Total score: 33.8998109347
[(0, 481.0, 1.0), (0, 783.0, 1.0), (0, 1640.0, 1.0), (0, 1918.0, 1.0), (0, 2493.0, 1.0), (0, 2806.0, 1.0), (0, 3397.0, 1.0), (0, 5720.0, 1.0), (0, 6357.0, 1.0), (0, 7217.0, 1.0), (0, 8476.0, 1.0), (0, 9063.0, 1.0)]
[(1, 1068.0, 1.0), (1, 2167.0, 1.0), (1, 3112.0, 1.0), (1, 3707.0, 1.0), (1, 4260.0, 1.0), (1, 5117.0, 1.0), (1, 6635.0, 1.0), (1, 7515.0, 1.0), (1, 8125.0, 1.0), (1, 9366.0, 1.0)]
[(2, 1337.0, 1.0), (2, 4538.0, 1.0), (2, 5441.0, 1.0), (2, 6038.0, 1.0), (2, 6929.0, 1.0), (2, 8781.0, 1.0), (2, 9691.0, 1.0)]
[(3, 3995.0, 1.0), (3, 4806.0, 1.0), (3, 7856.0, 1.0), (3, 9996.0, 1.0)]
[]
[]
[]
[(7, 208.0, 0.89981093471011)]
[]
[]
