----- Simulation starts ------
Client number: 10
Simulation length: 10000
Total score: 5.91730990906
[(0, 1482.0, 0.3014609041590046), (0, 3516.0, 0.046130589785502885), (0, 7464.0, 0.1738769921082598), (0, 9234.0, 0.1300591122361907)]
[(1, 1788.0, 0.16021179766637694), (1, 3793.0, 0.09515253189043427), (1, 8674.0, 0.09220520566803037)]
[(2, 2051.0, 0.08787150477438999), (2, 6186.0, 0.07262765063036158), (2, 8361.0, 0.0621135444817128)]
[(3, 2345.0, 0.11709236036414761), (3, 4130.0, 0.18338644630440737), (3, 5897.0, 0.1692422996776286), (3, 8075.0, 0.06812863228010424)]
[(4, 566.0, 0.7461399690552581), (4, 5038.0, 0.02589783215011443)]
[(5, 6859.0, 0.15578401013000664), (5, 9543.0, 0.22101733297649295)]
[(6, 5310.0, 0.034809602700037856), (6, 7158.0, 0.07965386969308652), (6, 8945.0, 0.12110578598952815)]
[(7, 221.0, 0.8995788116598243), (7, 2671.0, 0.04396371860011472), (7, 4436.0, 0.12491155211310978), (7, 6515.0, 0.1403713526388587)]
[(8, 888.0, 0.5904131106679964), (8, 2952.0, 0.10259573727379345), (8, 4737.0, 0.148600363034619)]
[(9, 1196.0, 0.43869516073298254), (9, 3234.0, 0.022076668691378254), (9, 5594.0, 0.06482347649813802), (9, 7794.0, 0.07071227714791983), (9, 9841.0, 0.1265997052818043)]
