----- Simulation starts ------
Client number: 10
Simulation length: 10000
Total score: 8.83779856582
[(0, 1999.0, 0.16959341491715063), (0, 4112.0, 0.27263900254783946), (0, 5882.0, 0.1280365142583446), (0, 8063.0, 0.03883860441793607)]
[(1, 753.0, 0.7279615534944286), (1, 2912.0, 0.46827002777332216), (1, 4990.0, 0.13323450220001376), (1, 9009.0, 0.29620777515576624)]
[(2, 2625.0, 0.06084393266598431), (2, 5289.0, 0.014196256128702789), (2, 7131.0, 0.12127601050714831)]
[(3, 483.0, 0.8327089075526306), (3, 6180.0, 0.006420573653595052), (3, 8378.0, 0.4295396760685589)]
[(4, 7447.0, 0.07681163576174688), (4, 9298.0, 0.20825275096293216)]
[(5, 1025.0, 0.639338600364749), (5, 3794.0, 0.24672571291699474), (5, 5593.0, 0.107102474052306), (5, 7758.0, 0.11372447236255223), (5, 9631.0, 0.09888921672928974)]
[(6, 1341.0, 0.49281824427490195), (6, 3509.0, 0.3185320488988036), (6, 9963.0, 0.04361564489198144)]
[(7, 2331.0, 0.0266052889739421), (7, 4405.0, 0.15036121405827862), (7, 6830.0, 0.2437308531284248), (7, 8712.0, 0.40332099480491934)]
[(8, 209.0, 0.8997214224276227), (8, 4681.0, 0.10085492533881568), (8, 6509.0, 0.21920294589974676)]
[(9, 1667.0, 0.3336052256690166), (9, 3210.0, 0.41481814296047925)]
