----- Simulation starts ------
Client number: 10
Simulation length: 10000
Total score: 6.92275785852
[(0, 1687.0, 0.250009785429569), (0, 6064.0, 0.03452209864178801), (0, 8896.0, 0.1793889683334391)]
[(1, 2915.0, 0.022304581687433434), (1, 6725.0, 0.0747566613024151)]
[(2, 1396.0, 0.390338669459835), (2, 3252.0, 0.1391745851863463), (2, 5143.0, 0.11937319511908728), (2, 7358.0, 0.3932157807065296), (2, 9495.0, 0.03965217993895154)]
[(3, 5452.0, 0.03428868992651901), (3, 8293.0, 0.1576916602445667)]
[(4, 485.0, 0.7643469533257887), (4, 2605.0, 0.04636891827608991), (4, 4502.0, 0.174863161481016)]
[(5, 1078.0, 0.48686732704215674), (5, 3558.0, 0.030665769205992954), (5, 7064.0, 0.3869209321263988), (5, 9794.0, 0.0807793950932364)]
[(6, 2307.0, 0.09755804089159892), (6, 3873.0, 0.3349261112050287), (6, 6385.0, 0.02345837404078932), (6, 9203.0, 0.05930539049367911)]
[(7, 5751.0, 0.10535243007403416), (7, 7998.0, 0.15554373056910709)]
[(8, 795.0, 0.6182269931469928), (8, 4817.0, 0.10454348962808901), (8, 7674.0, 0.27830263124830523)]
[(9, 202.0, 0.8997380356499257), (9, 2001.0, 0.10615316468703928), (9, 4182.0, 0.2698747852684612), (9, 8593.0, 0.06424536909471812)]
