----- Simulation starts ------
Client number: 10
Simulation length: 10000
Total score: 7.00405262096
[(0, 2329.0, 0.27798290753760957), (0, 4663.0, 0.08034635363362852), (0, 6548.0, 0.16085817012371262)]
[(1, 2609.0, 0.1444144041325922), (1, 7770.0, 0.16821852596994036), (1, 9927.0, 0.03245819222886481)]
[(2, 3168.0, 0.06912021516022926), (2, 7154.0, 0.17579770107205372), (2, 9632.0, 0.1305571691675168)]
[(3, 777.0, 0.7340438653574765), (3, 3454.0, 0.06661232523280702), (3, 5606.0, 0.018147718492660947)]
[(4, 1106.0, 0.6046810707965938), (4, 6259.0, 0.022643458906251412), (4, 8399.0, 0.011475457025352132)]
[(5, 508.0, 0.8076880469810119), (5, 2026.0, 0.31750539436674896), (5, 3758.0, 0.13793249619448122), (5, 5961.0, 0.09304963650044551), (5, 8087.0, 0.10092751697892521)]
[(6, 4987.0, 0.10113382612540789), (6, 6836.0, 0.18868985852511289), (6, 8998.0, 0.12009152261815281)]
[(7, 1413.0, 0.5433464138232711), (7, 4059.0, 0.12608498161729742)]
[(8, 241.0, 0.8998878427971679), (8, 2907.0, 0.0012324727889535536), (8, 5281.0, 0.04760273267812365), (8, 8686.0, 0.040883285488916066)]
[(9, 1707.0, 0.4276732491738049), (9, 4350.0, 0.1530669094907905), (9, 7453.0, 0.06581371762902877), (9, 9300.0, 0.13408518234747946)]
