----- Simulation starts ------
Client number: 10
Simulation length: 10000
Total score: 8.75985778495
[(0, 2559.0, 0.14968773483641895), (0, 4905.0, 0.08748414201664101), (0, 7953.0, 0.24536475953593617), (0, 9738.0, 0.27343163060317777)]
[(1, 243.0, 0.8997962361112657), (1, 1998.0, 0.3860011938395864), (1, 4575.0, 0.21649435975085218), (1, 8591.0, 0.017378270788937278)]
[(2, 1392.0, 0.5881234629222636), (2, 3412.0, 0.03356488332859153), (2, 6415.0, 0.03328093016304767), (2, 8905.0, 0.08134069349191986)]
[(3, 2861.0, 0.04254835834717963), (3, 5535.0, 0.0016291889917379176), (3, 7352.0, 0.3544253217937148), (3, 9461.0, 0.175988449960907)]
[(4, 523.0, 0.8453286434620764), (4, 3124.0, 0.15748019058440166), (4, 5200.0, 0.14704005923722208), (4, 8261.0, 0.10319666148113904)]
[(5, 1692.0, 0.4621848290995869), (5, 4320.0, 0.16340191075196953), (5, 7646.0, 0.35712466861585657)]
[(6, 1088.0, 0.7113026755743288)]
[(7, 5850.0, 0.11574816587071945), (7, 7021.0, 0.4376272537436453)]
[(8, 3687.0, 0.039454680184399016), (8, 6700.0, 0.17637093840829032), (8, 9199.0, 0.10090732795266188)]
[(9, 816.0, 0.8443352416413261), (9, 2279.0, 0.28682130941889705), (9, 3990.0, 0.19840734816486172), (9, 6106.0, 0.02658626427558186)]
