----- Simulation starts ------
Client number: 10
Simulation length: 10000
Total score: 7.34313018301
[(0, 7031.0, 0.08745489888298563), (0, 8791.0, 0.27751555822607354)]
[(1, 1357.0, 0.40496620313003817), (1, 5956.0, 0.023425926003072584)]
[(2, 1673.0, 0.3591329440520711), (2, 3803.0, 0.10870356452253938), (2, 5678.0, 0.09851448985081668), (2, 7938.0, 0.10481960514711042)]
[(3, 493.0, 0.812186151503799), (3, 3487.0, 0.0852702685745621), (3, 5335.0, 0.20497375854043753), (3, 7351.0, 0.01622985214515349), (3, 9051.0, 0.18759116877659654)]
[(4, 814.0, 0.6620533197995404), (4, 6240.0, 0.23093112563344487)]
[(5, 3188.0, 0.0066976842845466456), (5, 5041.0, 0.13431445978664736), (5, 9342.0, 0.17014643922953565)]
[(6, 1104.0, 0.5235900242518028), (6, 2906.0, 0.1279757190008436), (6, 4752.0, 0.09329096435633166), (6, 7666.0, 0.12000726157820685)]
[(7, 214.0, 0.8998118041237367), (7, 1976.0, 0.25565516659871923), (7, 4113.0, 0.011587169565486888), (7, 8227.0, 0.14566904370031442), (7, 9942.0, 0.24419684010720355)]
[(8, 2581.0, 0.029036571298904024), (8, 6763.0, 0.15501656521398122), (8, 9636.0, 0.13329639161961404)]
[(9, 2285.0, 0.10760078166661935), (9, 4411.0, 0.2567312608129282), (9, 6487.0, 0.2104515361025574), (9, 8493.0, 0.05428566491931042)]
