----- Simulation starts ------
Client number: 10
Simulation length: 10000
Total score: 7.25780302543
[(0, 2887.0, 0.08191805698684962), (0, 5863.0, 0.07288490065423225), (0, 9006.0, 0.051914186030885046)]
[(1, 868.0, 0.7295678554809779), (1, 5577.0, 0.07484647836972314), (1, 7446.0, 0.07984295206389558), (1, 9298.0, 0.13818772912187072)]
[(2, 569.0, 0.7595176820704411), (2, 2598.0, 0.11801342536727688), (2, 6179.0, 0.26634901910576125), (2, 9587.0, 0.05456704453102701)]
[(3, 279.0, 0.8995897225636436), (3, 2007.0, 0.2676331652700096), (3, 3730.0, 0.17610735225905771), (3, 8387.0, 0.19665272640761533)]
[(4, 3167.0, 0.019609012686117033), (4, 5303.0, 0.11013973536175803), (4, 7113.0, 0.14334836836230436)]
[(5, 2295.0, 0.23431347343915354), (5, 4369.0, 0.10648483324649849), (5, 7770.0, 0.14896882355944574)]
[(6, 1166.0, 0.6183999439202795), (6, 4058.0, 0.014326343310429812), (6, 6493.0, 0.20981887126875465)]
[(7, 1437.0, 0.5030217413250608), (7, 3467.0, 0.21630769871623512), (7, 8072.0, 0.0504542136543068), (7, 9892.0, 0.14963467840529887)]
[(8, 1717.0, 0.40161240026577294), (8, 4671.0, 0.005251566741479308), (8, 6796.0, 0.06611488812551625), (8, 8694.0, 0.1825800590448189)]
[(9, 4985.0, 0.10982407771144331)]
