----- Simulation starts ------
Client number: 10
Simulation length: 10000
Total score: 7.10388814517
[(0, 1661.0, 0.33918950634595324), (0, 4112.0, 0.02748097875948563), (0, 8591.0, 0.10486641889340897)]
[(1, 1958.0, 0.19837127251157816), (1, 3806.0, 0.11043759800116582), (1, 5565.0, 0.23004384011727463), (1, 7979.0, 0.10546688529552195)]
[(2, 2239.0, 0.09282167231876126), (2, 4400.0, 0.10884008285315894), (2, 7355.0, 0.06322030732805972)]
[(3, 1115.0, 0.5035087989493353), (3, 3516.0, 0.09809088006547861), (3, 5882.0, 0.1622719303441127), (3, 7650.0, 0.1518618547409032), (3, 9462.0, 0.23009694833042338)]
[(4, 2527.0, 0.01068723818103512), (4, 4700.0, 0.07937721174533452), (4, 6458.0, 0.24076179300365042), (4, 8261.0, 0.1972901162359476)]
[(5, 1404.0, 0.3837183338557111), (5, 6142.0, 0.3828431707969303)]
[(6, 786.0, 0.6163942717040074), (6, 3197.0, 0.0707217664933375), (6, 5318.0, 0.195691937080255), (6, 9743.0, 0.08982254368581288)]
[(7, 203.0, 0.8995478326867982), (7, 6744.0, 0.17924012934059463), (7, 9167.0, 0.06713520107458226)]
[(8, 2838.0, 0.1975676000050275), (8, 4997.0, 0.04362507807120097)]
[(9, 525.0, 0.739900121251341), (9, 7055.0, 0.06490162125284316), (9, 8865.0, 0.11809320384902777)]
