----- Simulation starts ------
Client number: 10
Simulation length: 10000
Total score: 7.3782578869
[(0, 2265.0, 0.21074303240910042), (0, 4843.0, 0.16213965393502894), (0, 9477.0, 0.05486893642740687)]
[(1, 2009.0, 0.3321266031063598), (1, 4274.0, 0.0029767800415536616), (1, 7699.0, 0.023996192734757615)]
[(2, 1120.0, 0.5589163818239623), (2, 4023.0, 0.08506102405229332), (2, 6843.0, 0.12888230762542574), (2, 9770.0, 0.0027174845355056876)]
[(3, 566.0, 0.7856918304549475), (3, 2592.0, 0.16218773046703672), (3, 6243.0, 0.2692392738196481), (3, 8277.0, 0.12162499966141738)]
[(4, 3472.0, 0.11296662973989358), (4, 5409.0, 0.060941593498667346), (4, 7427.0, 0.013229851940039672)]
[(5, 5969.0, 0.3485462723428282), (5, 8603.0, 0.025155882331071022)]
[(6, 264.0, 0.8999408913775901), (6, 1411.0, 0.5665876031707977), (6, 3727.0, 0.08456635969961368), (6, 5703.0, 0.3100729928274477), (6, 7979.0, 0.01649396934604186)]
[(7, 1703.0, 0.4591384192870116), (7, 4564.0, 0.03276907673196594), (7, 7163.0, 0.012608506234081718), (7, 8864.0, 0.18549014697568367)]
[(8, 813.0, 0.6686410011031072), (8, 3202.0, 0.10452660060356578), (8, 5126.0, 0.13075569015253674), (8, 9166.0, 0.06775995515783095)]
[(9, 2872.0, 0.1795071562516749), (9, 6539.0, 0.1973870570333629)]
