----- Simulation starts ------
Client number: 10
Simulation length: 10000
Total score: 8.20751224075
[(0, 1449.0, 0.5962277488185805), (0, 3231.0, 0.15330603391777375), (0, 5178.0, 0.12315200049808461), (0, 9007.0, 0.15491552843087997)]
[(1, 2637.0, 0.1746463365773534), (1, 4824.0, 0.08982331960224266), (1, 9354.0, 0.15323718675774167)]
[(2, 2929.0, 0.03945962057543406)]
[(3, 834.0, 0.7775196817668777), (3, 5477.0, 0.310456455898774), (3, 7515.0, 0.19341133048430492), (3, 9679.0, 0.06686805286605069)]
[(4, 219.0, 0.899735479887445), (4, 5760.0, 0.21630480943811747), (4, 8138.0, 0.1430307468901374)]
[(5, 1703.0, 0.5414482816964301), (5, 6394.0, 0.01027937862608086), (5, 8429.0, 0.09857710328549951)]
[(6, 1152.0, 0.7211666760933633), (6, 3859.0, 0.007627968687253461), (6, 7255.0, 0.0821625811580543), (6, 9981.0, 0.0375562251418623)]
[(7, 3562.0, 0.09511450148524758), (7, 6074.0, 0.07908294873160548), (7, 7805.0, 0.22722113117135678)]
[(8, 2312.0, 0.2947078936048383), (8, 4165.0, 0.09504684427323107), (8, 6659.0, 0.12141186899123158)]
[(9, 574.0, 0.7354219730062059), (9, 1985.0, 0.4541885711085596), (9, 4497.0, 0.17569918067086332), (9, 6936.0, 0.06387785672162183), (9, 8689.0, 0.27482692388676744)]
