----- Simulation starts ------
Client number: 10
Simulation length: 10000
Total score: 33.0
[(0, 511.0, 1.0), (0, 802.0, 1.0), (0, 1368.0, 1.0), (0, 3518.0, 1.0), (0, 4433.0, 1.0), (0, 4756.0, 1.0), (0, 5724.0, 1.0), (0, 6930.0, 1.0), (0, 7239.0, 1.0), (0, 8456.0, 1.0), (0, 9327.0, 1.0), (0, 9594.0, 1.0)]
[(1, 1084.0, 1.0), (1, 2570.0, 1.0), (1, 3810.0, 1.0), (1, 5045.0, 1.0), (1, 6039.0, 1.0), (1, 7539.0, 1.0), (1, 7886.0, 1.0), (1, 8745.0, 1.0), (1, 9847.0, 1.0)]
[(2, 1618.0, 1.0), (2, 2209.0, 1.0), (2, 3202.0, 1.0), (2, 4123.0, 1.0), (2, 5398.0, 1.0), (2, 6347.0, 1.0), (2, 8159.0, 1.0), (2, 9042.0, 1.0)]
[(3, 1918.0, 1.0), (3, 2884.0, 1.0), (3, 6622.0, 1.0)]
[]
[]
[]
[(7, 214.0, 1.0)]
[]
[]
