----- Simulation starts ------
Client number: 10
Simulation length: 10000
Total score: 33.0
[(0, 1186.0, 1.0), (0, 2351.0, 1.0), (0, 2967.0, 1.0), (0, 3884.0, 1.0), (0, 4476.0, 1.0), (0, 6599.0, 1.0), (0, 7753.0, 1.0), (0, 8389.0, 1.0), (0, 9553.0, 1.0), (0, 9884.0, 1.0)]
[(1, 637.0, 1.0), (1, 3241.0, 1.0), (1, 4760.0, 1.0), (1, 5394.0, 1.0), (1, 6283.0, 1.0), (1, 6912.0, 1.0), (1, 7206.0, 1.0), (1, 8056.0, 1.0), (1, 8682.0, 1.0), (1, 8980.0, 1.0)]
[(2, 918.0, 1.0), (2, 1718.0, 1.0), (2, 2659.0, 1.0), (2, 3538.0, 1.0), (2, 4192.0, 1.0), (2, 5054.0, 1.0), (2, 5697.0, 1.0), (2, 5991.0, 1.0), (2, 7476.0, 1.0), (2, 9275.0, 1.0)]
[(3, 356.0, 1.0), (3, 1470.0, 1.0), (3, 2014.0, 1.0)]
[]
[]
[]
[]
[]
[]
