----- Simulation starts ------
Client number: 10
Simulation length: 10000
Total score: 33.0
[(0, 1092.0, 1.0), (0, 2054.0, 1.0), (0, 2640.0, 1.0), (0, 4168.0, 1.0), (0, 4747.0, 1.0), (0, 5040.0, 1.0), (0, 5616.0, 1.0), (0, 6247.0, 1.0), (0, 7139.0, 1.0), (0, 7461.0, 1.0), (0, 8387.0, 1.0), (0, 8703.0, 1.0)]
[(1, 500.0, 1.0), (1, 1398.0, 1.0), (1, 2343.0, 1.0), (1, 2953.0, 1.0), (1, 3516.0, 1.0), (1, 4479.0, 1.0), (1, 5948.0, 1.0), (1, 6545.0, 1.0), (1, 7785.0, 1.0), (1, 9019.0, 1.0), (1, 9957.0, 1.0)]
[(2, 808.0, 1.0), (2, 1733.0, 1.0), (2, 5318.0, 1.0), (2, 8071.0, 1.0), (2, 9630.0, 1.0)]
[(3, 3233.0, 1.0)]
[(4, 219.0, 1.0), (4, 3859.0, 1.0), (4, 6816.0, 1.0)]
[(5, 9327.0, 1.0)]
[]
[]
[]
[]
