----- Simulation starts ------
Client number: 10
Simulation length: 10000
Total score: 33.0
[(0, 871.0, 1.0), (0, 1762.0, 1.0), (0, 2350.0, 1.0), (0, 3838.0, 1.0), (0, 5421.0, 1.0), (0, 6027.0, 1.0), (0, 6617.0, 1.0), (0, 7223.0, 1.0), (0, 8132.0, 1.0), (0, 8762.0, 1.0), (0, 9621.0, 1.0)]
[(1, 249.0, 1.0), (1, 1189.0, 1.0), (1, 2679.0, 1.0), (1, 3550.0, 1.0), (1, 4174.0, 1.0), (1, 5113.0, 1.0), (1, 5726.0, 1.0), (1, 6939.0, 1.0), (1, 7819.0, 1.0), (1, 9341.0, 1.0)]
[(2, 539.0, 1.0), (2, 1463.0, 1.0), (2, 3000.0, 1.0), (2, 4510.0, 1.0), (2, 6304.0, 1.0), (2, 9094.0, 1.0), (2, 9930.0, 1.0)]
[(3, 2043.0, 1.0), (3, 3300.0, 1.0), (3, 4805.0, 1.0), (3, 7532.0, 1.0), (3, 8462.0, 1.0)]
[]
[]
[]
[]
[]
[]
