----- Simulation starts ------
Client number: 10
Simulation length: 10000
Total score: 34.0
[(0, 1135.0, 1.0), (0, 1738.0, 1.0), (0, 2606.0, 1.0), (0, 3779.0, 1.0), (0, 5263.0, 1.0), (0, 5848.0, 1.0), (0, 6730.0, 1.0), (0, 7029.0, 1.0), (0, 7880.0, 1.0), (0, 8812.0, 1.0), (0, 9383.0, 1.0), (0, 9651.0, 1.0)]
[(1, 840.0, 1.0), (1, 1456.0, 1.0), (1, 2014.0, 1.0), (1, 2892.0, 1.0), (1, 3192.0, 1.0), (1, 4084.0, 1.0), (1, 4967.0, 1.0), (1, 6435.0, 1.0), (1, 9098.0, 1.0), (1, 9932.0, 1.0)]
[(2, 2324.0, 1.0), (2, 3506.0, 1.0), (2, 4398.0, 1.0), (2, 5545.0, 1.0), (2, 6139.0, 1.0), (2, 7296.0, 1.0), (2, 8169.0, 1.0)]
[(3, 4655.0, 1.0), (3, 7549.0, 1.0), (3, 8496.0, 1.0)]
[(4, 535.0, 1.0)]
[]
[(6, 231.0, 1.0)]
[]
[]
[]
