----- Simulation starts ------
Client number: 10
Simulation length: 10000
Total score: 33.0
[(0, 484.0, 1.0), (0, 1141.0, 1.0), (0, 1750.0, 1.0), (0, 2373.0, 1.0), (0, 2672.0, 1.0), (0, 5061.0, 1.0), (0, 5382.0, 1.0), (0, 6570.0, 1.0), (0, 7758.0, 1.0), (0, 8345.0, 1.0), (0, 8937.0, 1.0), (0, 9221.0, 1.0)]
[(1, 1440.0, 1.0), (1, 2054.0, 1.0), (1, 2952.0, 1.0), (1, 4772.0, 1.0), (1, 5681.0, 1.0), (1, 6839.0, 1.0), (1, 8054.0, 1.0), (1, 9850.0, 1.0)]
[(2, 211.0, 1.0), (2, 821.0, 1.0), (2, 3252.0, 1.0), (2, 4152.0, 1.0), (2, 5991.0, 1.0), (2, 7470.0, 1.0), (2, 8652.0, 1.0), (2, 9538.0, 1.0)]
[(3, 3562.0, 1.0)]
[(4, 3857.0, 1.0), (4, 4446.0, 1.0), (4, 6316.0, 1.0)]
[]
[(6, 7142.0, 1.0)]
[]
[]
[]
