----- Simulation starts ------
Client number: 10
Simulation length: 10000
Total score: 33.0
[(0, 797.0, 1.0), (0, 1101.0, 1.0), (0, 1763.0, 1.0), (0, 2361.0, 1.0), (0, 3209.0, 1.0), (0, 3814.0, 1.0), (0, 4683.0, 1.0), (0, 5275.0, 1.0), (0, 6563.0, 1.0), (0, 7472.0, 1.0), (0, 8646.0, 1.0), (0, 8967.0, 1.0), (0, 9278.0, 1.0), (0, 9587.0, 1.0)]
[(1, 2641.0, 1.0), (1, 3538.0, 1.0), (1, 4394.0, 1.0), (1, 5570.0, 1.0), (1, 6234.0, 1.0), (1, 7785.0, 1.0), (1, 8079.0, 1.0), (1, 8363.0, 1.0), (1, 9890.0, 1.0)]
[(2, 522.0, 1.0), (2, 1434.0, 1.0), (2, 2060.0, 1.0), (2, 2931.0, 1.0), (2, 4120.0, 1.0), (2, 5925.0, 1.0), (2, 7178.0, 1.0)]
[(3, 6858.0, 1.0)]
[]
[(5, 4980.0, 1.0)]
[]
[]
[]
[(9, 243.0, 1.0)]
