----- Simulation starts ------
Client number: 10
Simulation length: 10000
Total score: 32.0
[(0, 650.0, 1.0), (0, 938.0, 1.0), (0, 1238.0, 1.0), (0, 1538.0, 1.0), (0, 1824.0, 1.0), (0, 2434.0, 1.0), (0, 3023.0, 1.0), (0, 3646.0, 1.0), (0, 4253.0, 1.0), (0, 4873.0, 1.0), (0, 5792.0, 1.0), (0, 6053.0, 1.0), (0, 7279.0, 1.0), (0, 8207.0, 1.0), (0, 9131.0, 1.0), (0, 9729.0, 1.0)]
[(1, 2157.0, 1.0), (1, 3339.0, 1.0), (1, 3953.0, 1.0), (1, 4543.0, 1.0), (1, 6341.0, 1.0), (1, 6652.0, 1.0), (1, 7568.0, 1.0), (1, 9411.0, 1.0)]
[(2, 357.0, 1.0), (2, 5179.0, 1.0), (2, 6968.0, 1.0), (2, 8841.0, 1.0)]
[(3, 2721.0, 1.0), (3, 7876.0, 1.0)]
[(4, 5497.0, 1.0)]
[]
[]
[(7, 8542.0, 1.0)]
[]
[]
