----- Simulation starts ------
Client number: 10
Simulation length: 10000
Total score: 33.0
[(0, 527.0, 1.0), (0, 1161.0, 1.0), (0, 2040.0, 1.0), (0, 2935.0, 1.0), (0, 3849.0, 1.0), (0, 4155.0, 1.0), (0, 4751.0, 1.0), (0, 5936.0, 1.0), (0, 7328.0, 1.0), (0, 9452.0, 1.0)]
[(1, 2360.0, 1.0), (1, 3244.0, 1.0), (1, 4456.0, 1.0), (1, 6210.0, 1.0), (1, 7023.0, 1.0), (1, 7638.0, 1.0), (1, 8233.0, 1.0)]
[(2, 840.0, 1.0), (2, 1440.0, 1.0), (2, 2632.0, 1.0), (2, 3526.0, 1.0), (2, 5079.0, 1.0), (2, 5667.0, 1.0), (2, 6459.0, 1.0), (2, 7936.0, 1.0), (2, 8536.0, 1.0), (2, 9754.0, 1.0)]
[(3, 1755.0, 1.0), (3, 5362.0, 1.0), (3, 6726.0, 1.0)]
[(4, 225.0, 1.0), (4, 8828.0, 1.0)]
[(5, 9131.0, 1.0)]
[]
[]
[]
[]
