----- Simulation starts ------
Client number: 10
Simulation length: 10000
Total score: 33.0
[(0, 535.0, 1.0), (0, 1746.0, 1.0), (0, 2316.0, 1.0), (0, 2644.0, 1.0), (0, 3243.0, 1.0), (0, 3868.0, 1.0), (0, 5024.0, 1.0), (0, 5318.0, 1.0), (0, 5958.0, 1.0), (0, 6871.0, 1.0), (0, 9001.0, 1.0), (0, 9634.0, 1.0)]
[(1, 1441.0, 1.0), (1, 2945.0, 1.0), (1, 3557.0, 1.0), (1, 4155.0, 1.0), (1, 5644.0, 1.0), (1, 6253.0, 1.0), (1, 7172.0, 1.0), (1, 7772.0, 1.0), (1, 8655.0, 1.0), (1, 9925.0, 1.0)]
[(2, 841.0, 1.0), (2, 2038.0, 1.0), (2, 6559.0, 1.0), (2, 7458.0, 1.0), (2, 9323.0, 1.0)]
[(3, 1142.0, 1.0), (3, 4428.0, 1.0), (3, 8051.0, 1.0)]
[(4, 249.0, 1.0), (4, 4724.0, 1.0), (4, 8335.0, 1.0)]
[]
[]
[]
[]
[]
