----- Simulation starts ------
Client number: 10
Simulation length: 10000
Total score: 22.6270029085
[(0, 9589.0, 0.7619068995352586)]
[(1, 1753.0, 0.6960048397156022), (1, 4806.0, 0.6690525681244954)]
[(2, 878.0, 0.7485890535256644), (2, 4500.0, 0.5959531533943305), (2, 5404.0, 0.6518344851651076), (2, 7862.0, 0.8095625384708173), (2, 8177.0, 0.7234856139188385), (2, 9048.0, 0.5206959431985586), (2, 9890.0, 0.5780867084970664)]
[(3, 325.0, 0.809785469129833), (3, 5119.0, 0.8059561757711954), (3, 5987.0, 0.7926600275808887), (3, 6287.0, 0.7772965346259598)]
[(4, 1453.0, 0.6243028987019095), (4, 3276.0, 0.6100938845232747), (4, 3872.0, 0.7199096951294306), (4, 4193.0, 0.741415133586317), (4, 6903.0, 0.14564602351781408)]
[(5, 2681.0, 0.6599781847138628), (5, 6591.0, 0.6417859590741066)]
[(6, 3585.0, 0.6590700886048916), (6, 7552.0, 0.7864697922530546)]
[(7, 593.0, 0.7113955468515718), (7, 1162.0, 0.6978737717116705), (7, 2337.0, 0.7322237361872406), (7, 5714.0, 0.7318160853352599), (7, 9344.0, 0.6451343298253643)]
[(8, 2964.0, 0.722053033556056), (8, 8471.0, 0.7061583262101045), (8, 8762.0, 0.7739931246948671)]
[(9, 2058.0, 0.654842895677417), (9, 7219.0, 0.7219703877049911)]
