----- Simulation starts ------
Client number: 10
Simulation length: 10000
Total score: 22.5319793974
[(0, 816.0, 0.6133778556195789), (0, 1738.0, 0.7293886617911645), (0, 2634.0, 0.7773721857564623), (0, 3537.0, 0.7939267130672693), (0, 6518.0, 0.8018456540649804), (0, 7434.0, 0.7068420953184024)]
[(1, 233.0, 0.809485712183814), (1, 3842.0, 0.5419171134422852), (1, 4410.0, 0.7318462593711592), (1, 7730.0, 0.748431055996649), (1, 8012.0, 0.7562299736814742)]
[(2, 1120.0, 0.2854007960580183), (2, 2035.0, 0.7665245696487074), (2, 2902.0, 0.6997936851282063), (2, 3227.0, 0.7525824727239963), (2, 4106.0, 0.3577136933432294)]
[(3, 5636.0, 0.6745445933593881), (3, 8330.0, 0.6071282189084256), (3, 8913.0, 0.663239886393266), (3, 9570.0, 0.7707714848500431)]
[(4, 5338.0, 0.7638715842713544), (4, 5911.0, 0.6693074476762828), (4, 6825.0, 0.8049771201439757)]
[(5, 4710.0, 0.7007640299878201), (5, 9832.0, 0.6693603599404027)]
[(6, 6213.0, 0.6726885323653322), (6, 9229.0, 0.7634760080373374)]
[]
[(8, 545.0, 0.733145469621127), (8, 1436.0, 0.5603151381009016), (8, 2321.0, 0.3848729577690459), (8, 7131.0, 0.7096998654957994)]
[(9, 5005.0, 0.7266414180236712), (9, 8623.0, 0.7844967852772946)]
