----- Simulation starts ------
Client number: 10
Simulation length: 10000
Total score: 22.8573438575
[(0, 3602.0, 0.4306262222159392), (0, 3926.0, 0.7893466911338142), (0, 4797.0, 0.7544762309535221), (0, 8406.0, 0.706146016019124), (0, 9061.0, 0.6638382434934139)]
[(1, 2385.0, 0.7311944215308089), (1, 3293.0, 0.6950545202106024), (1, 9657.0, 0.771766551098114)]
[]
[(3, 1764.0, 0.6871802190846914), (3, 5117.0, 0.6967423032002373), (3, 5728.0, 0.6886170681151214), (3, 7195.0, 0.6860012425945864)]
[(4, 579.0, 0.7638724813664763), (4, 1177.0, 0.798006436428377), (4, 2092.0, 0.7423623644486517), (4, 2998.0, 0.6387896592098617), (4, 6368.0, 0.6311102709623914), (4, 6897.0, 0.7870473858891978)]
[(5, 4512.0, 0.7573125432537217), (5, 7489.0, 0.4216558377044972)]
[(6, 309.0, 0.8097168777231287), (6, 885.0, 0.8007478000620672), (6, 4250.0, 0.7244175125920914), (6, 6636.0, 0.7792588953792055), (6, 9356.0, 0.7173848418965431)]
[(7, 1460.0, 0.44536759972420403), (7, 6053.0, 0.7792655429822231)]
[(8, 2692.0, 0.6602370639039702), (8, 5444.0, 0.5808555740705176), (8, 8111.0, 0.5628763302704852), (8, 8725.0, 0.7762878931854027)]
[(9, 7781.0, 0.7039537492349787), (9, 9979.0, 0.675827467547995)]
