----- Simulation starts ------
Client number: 10
Simulation length: 10000
Total score: 22.6880920029
[(0, 826.0, 0.6956057517808635), (0, 3616.0, 0.7951325467870285)]
[(1, 217.0, 0.8095511744205958), (1, 5688.0, 0.6539563206551552), (1, 6938.0, 0.6005098799103555), (1, 7907.0, 0.6922416949608435), (1, 8529.0, 0.6568652015641194)]
[(2, 6001.0, 0.5685529056808849)]
[(3, 1435.0, 0.7548399301635904), (3, 4481.0, 0.6167698637299428), (3, 9438.0, 0.6072537120640279)]
[(4, 1118.0, 0.589226748350917), (4, 2367.0, 0.5571989124945754), (4, 7586.0, 0.7558513377546973), (4, 9110.0, 0.2458473047842517)]
[]
[(6, 4789.0, 0.8038103078043326), (6, 5382.0, 0.7840982338014605), (6, 8814.0, 0.7770955536723417)]
[(7, 503.0, 0.7559261118931858), (7, 1769.0, 0.659682793588606), (7, 2057.0, 0.8081985702330959), (7, 2669.0, 0.7845741012514582), (7, 2983.0, 0.8046920425859936), (7, 3276.0, 0.7772374544479964), (7, 3894.0, 0.6213194343872537), (7, 4192.0, 0.7624062739908242)]
[(8, 6346.0, 0.6582480560677856), (8, 6665.0, 0.7848651769477153), (8, 7271.0, 0.7873069200643777), (8, 8214.0, 0.3825020606001658), (8, 9682.0, 0.7535410876721356)]
[(9, 5077.0, 0.69500465796327), (9, 9992.0, 0.688179880804981)]
