----- Simulation starts ------
Client number: 10
Simulation length: 10000
Total score: 24.1272574659
[(0, 209.0, 0.8095836327420308), (0, 1086.0, 0.768454143422275), (0, 2243.0, 0.7154025508577863), (0, 2885.0, 0.6461321951826624), (0, 6354.0, 0.7332917401425638)]
[(1, 5224.0, 0.6179448071444621), (1, 5809.0, 0.5920780548815554)]
[(2, 5510.0, 0.7998277728751356), (2, 9594.0, 0.7992581624534953)]
[(3, 1380.0, 0.7986814717250716), (3, 1938.0, 0.7154148844590166), (3, 2558.0, 0.6584245703584998), (3, 3174.0, 0.8009427837625432), (3, 6083.0, 0.6220954008339683), (3, 6680.0, 0.6167735953788395), (3, 6975.0, 0.7334996613698107), (3, 7504.0, 0.6932913353653875), (3, 7812.0, 0.7321977890114212), (3, 9001.0, 0.40302771393896), (3, 9288.0, 0.7608049822806205)]
[(4, 9910.0, 0.6741431721967136)]
[(5, 8079.0, 0.7790256767639501), (5, 8398.0, 0.7148723883585013)]
[(6, 3452.0, 0.6570538254537203), (6, 4623.0, 0.7522757034572717)]
[(7, 782.0, 0.7260108760660682), (7, 4052.0, 0.6610941132216029), (7, 7233.0, 0.7921295586976947)]
[(8, 505.0, 0.6868358267397203), (8, 3772.0, 0.8089576150942176), (8, 4318.0, 0.6702354420403971), (8, 4914.0, 0.6640727135790064), (8, 8710.0, 0.766732867795257)]
[(9, 1648.0, 0.7566904382040467)]
