----- Simulation starts ------
Client number: 10
Simulation length: 10000
Total score: 21.9400392367
[(0, 1552.0, 0.6410459052092987)]
[(1, 2410.0, 0.3929022508345316), (1, 2718.0, 0.726514097955454), (1, 4308.0, 0.35106654052356195), (1, 4862.0, 0.7588856125545955), (1, 5121.0, 0.7926833166840851)]
[(2, 651.0, 0.7720856505144829), (2, 1262.0, 0.5947457540295796), (2, 2145.0, 0.7652328374350957), (2, 7855.0, 0.4344814246732441), (2, 8164.0, 0.7277484701045596), (2, 8745.0, 0.6897168515671529)]
[(3, 950.0, 0.6347176578075967), (3, 1837.0, 0.7524190817299505), (3, 7214.0, 0.647900846499632), (3, 7562.0, 0.7547546097098337)]
[(4, 3010.0, 0.7619037623822712), (4, 3360.0, 0.7958721517491077), (4, 6594.0, 0.7473131456993334)]
[(5, 5421.0, 0.5854819691136627)]
[(6, 351.0, 0.8093863726081414), (6, 9980.0, 0.74013866606741)]
[(7, 3693.0, 0.7592461898657337), (7, 4582.0, 0.7235578886177132), (7, 5725.0, 0.2673358976103779), (7, 6018.0, 0.7893935446553353), (7, 9686.0, 0.5750234964474885)]
[(8, 6311.0, 0.5214225841609935)]
[(9, 4003.0, 0.6231108288615851), (9, 6873.0, 0.606743098391518), (9, 8445.0, 0.7985358556739547), (9, 9056.0, 0.6639098284425166), (9, 9367.0, 0.7347630484861556)]
