----- Simulation starts ------
Client number: 10
Simulation length: 10000
Total score: 22.2188776828
[]
[(1, 256.0, 0.8099216970141907), (1, 548.0, 0.8032823364847688), (1, 870.0, 0.7988252186091327), (1, 2367.0, 0.6779934321590445), (1, 2667.0, 0.7925395954731091), (1, 6069.0, 0.766984963786086), (1, 6386.0, 0.788909575858081), (1, 8173.0, 0.1726496577606845), (1, 8707.0, 0.615436620933468), (1, 9003.0, 0.7939877085336866), (1, 9309.0, 0.7983830065334275), (1, 9626.0, 0.7461366669071391), (1, 9925.0, 0.7418511015378075)]
[(2, 1484.0, 0.4149063748014891), (2, 2076.0, 0.6585109415968995), (2, 2936.0, 0.7083030582770349), (2, 3620.0, 0.6342192274309917)]
[(3, 3910.0, 0.7891469159909172)]
[]
[(5, 7914.0, 0.4085462192795778)]
[(6, 1180.0, 0.6841387083940302), (6, 1765.0, 0.6132692932605619), (6, 4208.0, 0.6089969254118605), (6, 5757.0, 0.6118138714010904), (6, 6689.0, 0.3147026076407199), (6, 7022.0, 0.7923584533477973), (6, 7324.0, 0.7636501785437259), (6, 7616.0, 0.7625463403218309), (6, 8428.0, 0.62956881953111)]
[(7, 4847.0, 0.7924555014126523), (7, 5143.0, 0.7900401818807693)]
[]
[(9, 3254.0, 0.5739502074600283), (9, 4527.0, 0.6790346914179398), (9, 5445.0, 0.6818175837760041)]
