----- Simulation starts ------
Client number: 10
Simulation length: 10000
Total score: 22.9224131181
[(0, 2850.0, 0.8015663090212748), (0, 4408.0, 0.7496616839695742), (0, 7370.0, 0.6523743546209114), (0, 7991.0, 0.5933176838832446), (0, 8559.0, 0.5954749660898737)]
[(1, 758.0, 0.8099856231785231), (1, 1047.0, 0.7897170571588759), (1, 1941.0, 0.7608617971415055), (1, 3483.0, 0.4586699746556284), (1, 6464.0, 0.6837006679754966), (1, 8895.0, 0.8008038115955418)]
[(2, 5316.0, 0.7012915256061406)]
[(3, 6766.0, 0.7613951950685559), (3, 7062.0, 0.7715685731933111), (3, 7660.0, 0.7639893737859729)]
[(4, 210.0, 0.8092931767536665), (4, 2523.0, 0.7910781016574304)]
[(5, 5020.0, 0.6500371813821235), (5, 5624.0, 0.699229338260833), (5, 8264.0, 0.7914471036018402)]
[(6, 3178.0, 0.7404482850546329), (6, 3804.0, 0.572395907304502)]
[(7, 495.0, 0.768900907459377), (7, 1351.0, 0.47952044149235556), (7, 4726.0, 0.8080839699957976)]
[(8, 4100.0, 0.7201947552739484), (8, 9492.0, 0.7867920146032584)]
[(9, 1656.0, 0.2550631418256882), (9, 2211.0, 0.7233337649355832), (9, 5884.0, 0.393373314878809), (9, 6175.0, 0.7730184707439599), (9, 9194.0, 0.6714638444966612), (9, 9849.0, 0.7943608014364967)]
