----- Simulation starts ------
Client number: 10
Simulation length: 10000
Total score: 20.7565925987
[(0, 237.0, 0.8092846666787962), (0, 533.0, 0.7675087849423963), (0, 1128.0, 0.6035426688685449), (0, 1775.0, 0.6042355632178392), (0, 8163.0, 0.7796584875419007), (0, 8450.0, 0.8038564674930145)]
[]
[(2, 1461.0, 0.730178563245558), (2, 2112.0, 0.6059610322025922), (2, 2412.0, 0.7948102966721106), (2, 3582.0, 0.8028542911103945), (2, 4765.0, 0.601988473047482), (2, 5963.0, 0.17848793304295213), (2, 6308.0, 0.7801507295127137)]
[(3, 2972.0, 0.6945351842263089), (3, 6892.0, 0.3336821139804292), (3, 7843.0, 0.7572189440697487)]
[(4, 841.0, 0.5679505789458943), (4, 9082.0, 0.6986116077530138)]
[(5, 3297.0, 0.761888325783688), (5, 4209.0, 0.7175458680001628), (5, 5082.0, 0.7611627330589003), (5, 7547.0, 0.565865503166306)]
[(6, 2694.0, 0.020716265213199546), (6, 3907.0, 0.6015926997466251), (6, 4483.0, 0.804376975809452), (6, 5385.0, 0.6372346213664962), (6, 8767.0, 0.6359068832584941)]
[(7, 6602.0, 0.5975843820198088), (7, 7219.0, 0.7893538935950891)]
[(8, 5686.0, 0.5707849296404588), (8, 9683.0, 0.7590455867770944)]
[(9, 9398.0, 0.6190175447487498)]
