----- Simulation starts ------
Client number: 10
Simulation length: 10000
Total score: 22.9932641123
[(0, 878.0, 0.6144834210003085), (0, 8113.0, 0.4567671731509546), (0, 8722.0, 0.6152816901884965), (0, 9631.0, 0.5202399559477106)]
[(1, 1189.0, 0.7197943687942118), (1, 4071.0, 0.7371740586717676), (1, 6557.0, 0.7437842075695039)]
[(2, 2912.0, 0.8071630002097778), (2, 3793.0, 0.5710619129615085), (2, 4377.0, 0.7404077093146303), (2, 9901.0, 0.6871902747407194)]
[(3, 4999.0, 0.7851301962693368), (3, 5630.0, 0.6974437552643182), (3, 6880.0, 0.7832690913773103)]
[(4, 2614.0, 0.783556202660887), (4, 3201.0, 0.8030386893545993), (4, 9308.0, 0.7937790725488527)]
[(5, 1458.0, 0.7610255439225339), (5, 2045.0, 0.6673180503161558), (5, 2308.0, 0.7634209497522694)]
[(6, 3485.0, 0.6989577009867284)]
[(7, 5940.0, 0.44764704220033985)]
[(8, 582.0, 0.7532116522357203), (8, 1754.0, 0.5031947896010708)]
[(9, 275.0, 0.8096394023651041), (9, 4705.0, 0.7383810588231435), (9, 5322.0, 0.5476602696280846), (9, 6264.0, 0.6813755386608793), (9, 7198.0, 0.7959806789981199), (9, 7519.0, 0.8019227983767125), (9, 7826.0, 0.756473261020389), (9, 8413.0, 0.6753151373984472), (9, 9014.0, 0.7321754579783748)]
